  13C   13    6    4    6    3    4    4.946309   17.533360
  1   0.000000   0.5 -1  -1.00E+00  0 0                    1/2-  0                      
  2   3.089451   0.5  1   1.07E-15  1 0                    1/2+  0                      
                                          1      3.089  1.000E+00  1.000E+00  0.000E+00
  3   3.684480   0.5 -1   1.10E-15  2 0                    1/2-  0                      
                                          2      0.595  7.727E-03  7.727E-03  0.000E+00
                                          1      3.684  9.923E-01  9.923E-01  0.000E+00
  4   4.946311   0.5  1   0.00E+00  3 0                    1/2+  0                      
                                          3      1.262  3.216E-01  3.216E-01  0.000E+00
                                          2      1.857  1.608E-03  1.608E-03  0.000E+00
                                          1      4.945  6.768E-01  6.768E-01  0.000E+00
