 22Ne   22   10   19   11    7    4   10.364257   15.266082
  1   0.000000   0.0  1  -1.00E+00  0 0                      0+  0                      
  2   1.274582   2.0  1   0.00E+00  1 0                      2+  0                      
                                          1      1.275  1.000E+00  1.000E+00  0.000E+00
  3   3.357200   4.0  1   0.00E+00  1 0                      4+  0                      
                                          2      2.083  1.000E+00  1.000E+00  0.000E+00
  4   4.456500   2.0  1   0.00E+00  2 0                      2+  0                      
                                          2      3.182  9.697E-01  9.697E-01  0.000E+00
                                          1      4.456  3.030E-02  3.030E-02  0.000E+00
  5   5.147500   2.0 -1   0.00E+00  0 0                      2-  0                      
  6   5.326200   1.0  1   0.00E+00  0 0                      1+  0                      
  7   5.365000   2.0  1   0.00E+00  0 0                      2+  0                      
  8   5.523200   4.0  1   0.00E+00  2 0                      4+  0                      
                                          3      2.166  9.848E-01  9.848E-01  0.000E+00
                                          2      4.248  1.524E-02  1.524E-02  0.000E+00
  9   5.641300   3.0  1   0.00E+00  0 0                      3+  0                      
 10   5.909900   3.0 -1   0.00E+00  1 0                      3-  0                      
                                          2      4.635  1.000E+00  1.000E+00  0.000E+00
 11   6.311400   6.0  1   0.00E+00  0 0                      6+  0                      
 12   6.345200   4.0  1   0.00E+00  1 0                      4+  0                      
                                          3      2.988  1.000E+00  1.000E+00  0.000E+00
 13   6.636000   2.0  1   0.00E+00  0 0                      2+  0                      
 14   6.853400   1.0  1   0.00E+00  0 0                      1+  0                      
 15   7.341100   3.0  1   0.00E+00  0 0                      3+  0                      
 16   7.406000  -1.0  0   0.00E+00  0 0                          0                      
 17   7.423000  -1.0  0   0.00E+00  0 0                          0                      
 18   8.561400   1.0  1   0.00E+00  0 0                      1+  0                      
 19  10.363900  -1.0  0   0.00E+00  3 0                          0                      
                                         12      4.018  5.769E-01  5.769E-01  0.000E+00
                                          8      4.840  2.436E-01  2.436E-01  0.000E+00
                                          2      9.087  1.795E-01  1.795E-01  0.000E+00
