  42K   42   19  134  707  133    4    7.533800    9.243492
  1   0.000000   2.0 -1   4.45E+04  0 0                      2-  0                      
  2   0.106837   3.0 -1   2.85E-10  1 0                      3-  0                      
                                          1      0.107  1.000E+00  1.000E+00  0.000E+00
  3   0.258268   4.0 -1   1.30E-10  1 0                      4-  0                      
                                          2      0.151  1.000E+00  1.000E+00  0.000E+00
  4   0.638737   3.0 -1   1.40E-09  3 0                      3-  0                      
                                          3      0.380  2.497E-01  2.497E-01  0.000E+00
                                          2      0.532  4.341E-01  4.341E-01  0.000E+00
                                          1      0.639  3.161E-01  3.161E-01  0.000E+00
  5   0.681943   2.0  0   0.00E+00  2 1                   (2,3)  0                      
                                          2      0.575  7.328E-03  7.328E-03  0.000E+00
                                          1      0.682  9.927E-01  9.927E-01  0.000E+00
  6   0.699080   5.0 -1   4.10E-11  2 0                      5-  0                      
                                          3      0.441  9.640E-01  9.640E-01  0.000E+00
                                          2      0.592  3.604E-02  3.604E-02  0.000E+00
  7   0.783877   2.0 -1   0.00E+00  1 0                      2-  0                      
                                          1      0.784  1.000E+00  1.000E+00  0.000E+00
  8   0.841945   3.0 -1   0.00E+00  2 0                      3-  0                      
                                          2      0.735  1.765E-01  1.765E-01  0.000E+00
                                          1      0.842  8.235E-01  8.235E-01  0.000E+00
  9   1.110744   3.0  1   0.00E+00  3 0                      3+  0                      
                                          8      0.269  5.117E-01  5.117E-01  0.000E+00
                                          5      0.429  4.439E-02  4.439E-02  0.000E+00
                                          1      1.111  4.439E-01  4.439E-01  0.000E+00
 10   1.143601   4.0  1   1.40E-09  4 0                      4+  0                      
                                          8      0.302  3.715E-02  3.715E-02  0.000E+00
                                          6      0.445  2.539E-01  2.539E-01  0.000E+00
                                          4      0.505  6.502E-01  6.502E-01  0.000E+00
                                          2      1.037  5.882E-02  5.882E-02  0.000E+00
 11   1.197906   4.0 -1   0.00E+00  4 0                      4-  0                      
                                          4      0.559  1.081E-01  1.081E-01  0.000E+00
                                          3      0.940  4.955E-01  4.955E-01  0.000E+00
                                          2      1.091  3.243E-01  3.243E-01  0.000E+00
                                          1      1.198  7.207E-02  7.207E-02  0.000E+00
 12   1.254812   2.0 -1   0.00E+00  4 1                  (2,3)-  0                      
                                          8      0.413  1.412E-02  1.412E-02  0.000E+00
                                          4      0.616  5.176E-01  5.176E-01  0.000E+00
                                          3      0.997  2.941E-01  2.941E-01  0.000E+00
                                          1      1.255  1.741E-01  1.741E-01  0.000E+00
 13   1.266306   2.0 -1   0.00E+00  3 0                      2-  0                      
                                          5      0.584  8.088E-02  8.088E-02  0.000E+00
                                          4      0.628  2.757E-01  2.757E-01  0.000E+00
                                          1      1.266  6.434E-01  6.434E-01  0.000E+00
 14   1.273528   2.0 -1   0.00E+00  4 0              (2- TO 4+)  0                      
                                          8      0.432  7.231E-01  7.231E-01  0.000E+00
                                          4      0.635  2.597E-02  2.597E-02  0.000E+00
                                          3      1.015  1.682E-01  1.682E-01  0.000E+00
                                          2      1.167  8.264E-02  8.264E-02  0.000E+00
 15   1.376000   6.0  1   1.10E-09  2 0                      6+  0                      
                                          6      0.677  1.000E+00  1.000E+00  0.000E+00
                                          1      1.376  0.000E+00  0.000E+00  0.000E+00
 16   1.377117   1.0 -1   0.00E+00  2 1                (1,2,3)-  0                      
                                          5      0.695  2.768E-01  2.768E-01  0.000E+00
                                          1      1.377  7.232E-01  7.232E-01  0.000E+00
 17   1.400040   2.0  0   0.00E+00  3 1                   (2,3)  0                      
                                          9      0.289  2.580E-01  2.580E-01  0.000E+00
                                          4      0.761  6.634E-02  6.634E-02  0.000E+00
                                          1      1.400  6.757E-01  6.757E-01  0.000E+00
 18   1.407919   3.0  1   0.00E+00  3 0                      3+  0                      
                                          5      0.726  4.808E-02  4.808E-02  0.000E+00
                                          2      1.301  1.506E-01  1.506E-01  0.000E+00
                                          1      1.408  8.013E-01  8.013E-01  0.000E+00
 19   1.453080   2.0 -1   0.00E+00  3 0              (2- TO 4-)  0                      
                                         12      0.198  9.164E-01  9.164E-01  0.000E+00
                                          3      1.195  8.356E-02  8.356E-02  0.000E+00
                                          1      1.453  0.000E+00  0.000E+00  0.000E+00
 20   1.463657   1.0  0   0.00E+00  2 0               (1- TO 3)  0                      
                                          8      0.622  8.497E-01  8.497E-01  0.000E+00
                                          1      1.464  1.503E-01  1.503E-01  0.000E+00
 21   1.489240  -1.0  0   0.00E+00  3 0                          0                      
                                          4      0.851  6.061E-01  6.061E-01  0.000E+00
                                          2      1.382  3.939E-01  3.939E-01  0.000E+00
                                          1      1.489  0.000E+00  0.000E+00  0.000E+00
 22   1.513099  -1.0  0   0.00E+00  2 0                          0                      
                                          8      0.671  2.029E-01  2.029E-01  0.000E+00
                                          5      0.831  7.971E-01  7.971E-01  0.000E+00
 23   1.538740   3.0  1   3.00E-12  2 1                  (3,5)+  0                      
                                         10      0.395  1.000E+00  1.000E+00  0.000E+00
                                          1      1.539  0.000E+00  0.000E+00  0.000E+00
 24   1.691990  -1.0  0   0.00E+00  3 0                          0                      
                                         12      0.437  2.727E-01  2.727E-01  0.000E+00
                                          2      1.585  7.273E-01  7.273E-01  0.000E+00
                                          1      1.692  0.000E+00  0.000E+00  0.000E+00
 25   1.723430   2.0  0   0.00E+00  5 0               (2 TO 4+)  0                      
                                          9      0.613  8.568E-01  8.568E-01  0.000E+00
                                          8      0.881  3.946E-02  3.946E-02  0.000E+00
                                          4      1.085  4.059E-02  4.059E-02  0.000E+00
                                          2      1.617  6.313E-02  6.313E-02  0.000E+00
                                          1      1.723  0.000E+00  0.000E+00  0.000E+00
 26   1.745620   2.0  1   0.00E+00  3 0              (2+ TO 4+)  0                      
                                         10      0.602  4.667E-01  4.667E-01  0.000E+00
                                          8      0.904  5.333E-01  5.333E-01  0.000E+00
                                          1      1.746  0.000E+00  0.000E+00  0.000E+00
 27   1.816874   2.0  1   0.00E+00  4 0              (2+ TO 4+)  0                      
                                         13      0.551  5.188E-02  5.188E-02  0.000E+00
                                         12      0.562  1.342E-01  1.342E-01  0.000E+00
                                          2      1.710  8.140E-01  8.140E-01  0.000E+00
                                          1      1.817  0.000E+00  0.000E+00  0.000E+00
 28   1.842973   1.0  0   0.00E+00  3 0               (1- TO 3)  0                      
                                         14      0.569  1.860E-01  1.860E-01  0.000E+00
                                          8      1.001  4.817E-01  4.817E-01  0.000E+00
                                          1      1.843  3.322E-01  3.322E-01  0.000E+00
 29   1.861892   2.0 -1   0.00E+00  8 0                      2-  0                      
                                         19      0.409  9.149E-03  9.149E-03  0.000E+00
                                         18      0.454  8.844E-02  8.844E-02  0.000E+00
                                         13      0.596  1.250E-01  1.250E-01  0.000E+00
                                          5      1.180  2.440E-01  2.440E-01  0.000E+00
                                          4      1.223  1.189E-02  1.189E-02  0.000E+00
                                          3      1.604  2.592E-02  2.592E-02  0.000E+00
                                          2      1.755  6.862E-02  6.862E-02  0.000E+00
                                          1      1.862  4.270E-01  4.270E-01  0.000E+00
 30   1.913466   2.0 -1   0.00E+00  3 1                  (2-,3)  0                      
                                          8      1.072  7.042E-01  7.042E-01  0.000E+00
                                          3      1.655  2.817E-01  2.817E-01  0.000E+00
                                          1      1.913  1.408E-02  1.408E-02  0.000E+00
 31   1.937490   1.0 -1   0.00E+00  5 1                (1,2,3)-  0                      
                                         14      0.664  8.827E-03  8.827E-03  0.000E+00
                                          7      1.154  4.540E-02  4.540E-02  0.000E+00
                                          5      1.256  4.792E-01  4.792E-01  0.000E+00
                                          2      1.831  3.783E-02  3.783E-02  0.000E+00
                                          1      1.937  4.288E-01  4.288E-01  0.000E+00
 32   1.987977  -1.0  0   0.00E+00  2 0                          0                      
                                          7      1.204  8.630E-01  8.630E-01  0.000E+00
                                          1      1.988  1.370E-01  1.370E-01  0.000E+00
 33   2.049327   3.0  1   0.00E+00  3 0                      3+  0                      
                                         10      0.906  3.048E-01  3.048E-01  0.000E+00
                                          8      1.207  6.952E-01  6.952E-01  0.000E+00
                                          1      2.049  0.000E+00  0.000E+00  0.000E+00
 34   2.072008   2.0 -1   0.00E+00  4 1                  (2,3)-  0                      
                                         11      0.874  1.361E-01  1.361E-01  0.000E+00
                                          4      1.433  1.833E-01  1.833E-01  0.000E+00
                                          2      1.965  1.250E-01  1.250E-01  0.000E+00
                                          1      2.072  5.556E-01  5.556E-01  0.000E+00
 35   2.161647   2.0  1   0.00E+00  3 0              (2+ TO 4+)  0                      
                                         10      1.018  6.441E-01  6.441E-01  0.000E+00
                                          8      1.320  3.559E-01  3.559E-01  0.000E+00
                                          1      2.162  0.000E+00  0.000E+00  0.000E+00
 36   2.187200   3.0  1   0.00E+00  4 0                      3+  0                      
                                         10      1.044  3.405E-01  3.405E-01  0.000E+00
                                          9      1.076  2.054E-01  2.054E-01  0.000E+00
                                          7      1.403  4.541E-01  4.541E-01  0.000E+00
                                          1      2.187  0.000E+00  0.000E+00  0.000E+00
 37   2.204037   2.0 -1   0.00E+00  3 0              (2- TO 4+)  0                      
                                         12      0.949  8.019E-02  8.019E-02  0.000E+00
                                          3      1.946  9.198E-01  9.198E-01  0.000E+00
                                          1      2.204  0.000E+00  0.000E+00  0.000E+00
 38   2.238620   1.0 -1   0.00E+00  4 1                (1,2,3)-  0                      
                                         29      0.377  2.482E-01  2.482E-01  0.000E+00
                                         13      0.972  3.546E-02  3.546E-02  0.000E+00
                                          2      2.132  7.092E-03  7.092E-03  0.000E+00
                                          1      2.239  7.092E-01  7.092E-01  0.000E+00
 39   2.251073  -1.0  0   0.00E+00  3 0                          0                      
                                         14      0.978  9.518E-01  9.518E-01  0.000E+00
                                          5      1.569  4.824E-02  4.824E-02  0.000E+00
                                          1      2.251  0.000E+00  0.000E+00  0.000E+00
 40   2.366180   2.0 -1   0.00E+00  7 1                  (2,3)-  0                      
                                         32      0.378  2.082E-02  2.082E-02  0.000E+00
                                         18      0.958  5.948E-02  5.948E-02  0.000E+00
                                         16      0.989  5.204E-02  5.204E-02  0.000E+00
                                          5      1.684  1.487E-02  1.487E-02  0.000E+00
                                          3      2.108  5.204E-03  5.204E-03  0.000E+00
                                          2      2.259  2.974E-01  2.974E-01  0.000E+00
                                          1      2.366  5.502E-01  5.502E-01  0.000E+00
 41   2.388848   3.0 -1   0.00E+00  7 0                      3-  0                      
                                         31      0.451  4.317E-02  4.317E-02  0.000E+00
                                         27      0.572  8.633E-02  8.633E-02  0.000E+00
                                         16      1.012  1.439E-01  1.439E-01  0.000E+00
                                         13      1.123  2.950E-01  2.950E-01  0.000E+00
                                          5      1.707  8.633E-02  8.633E-02  0.000E+00
                                          2      2.282  5.036E-02  5.036E-02  0.000E+00
                                          1      2.389  2.950E-01  2.950E-01  0.000E+00
 42   2.401789   2.0 -1   0.00E+00  9 1                  (2,3)-  0                      
                                         25      0.678  1.930E-02  1.930E-02  0.000E+00
                                         21      0.913  2.895E-03  2.895E-03  0.000E+00
                                         18      0.994  4.504E-02  4.504E-02  0.000E+00
                                         14      1.128  1.930E-02  1.930E-02  0.000E+00
                                         13      1.135  9.490E-03  9.490E-03  0.000E+00
                                         12      1.147  6.273E-02  6.273E-02  0.000E+00
                                          3      2.143  9.973E-02  9.973E-02  0.000E+00
                                          2      2.295  6.917E-01  6.917E-01  0.000E+00
                                          1      2.402  4.986E-02  4.986E-02  0.000E+00
 43   2.422174   1.0  0   0.00E+00  5 0               (1- TO 3)  0                      
                                         28      0.579  4.243E-02  4.243E-02  0.000E+00
                                          5      1.740  1.570E-01  1.570E-01  0.000E+00
                                          4      1.783  1.782E-01  1.782E-01  0.000E+00
                                          2      2.315  5.940E-01  5.940E-01  0.000E+00
                                          1      2.422  2.843E-02  2.843E-02  0.000E+00
 44   2.482146   1.0 -1   0.00E+00  6 1                (1,2,3)-  0                      
                                         31      0.545  9.371E-03  9.371E-03  0.000E+00
                                         29      0.620  3.347E-01  3.347E-01  0.000E+00
                                          8      1.640  3.012E-02  3.012E-02  0.000E+00
                                          5      1.800  5.689E-01  5.689E-01  0.000E+00
                                          2      2.375  4.351E-02  4.351E-02  0.000E+00
                                          1      2.482  1.339E-02  1.339E-02  0.000E+00
 45   2.573630   2.0  0   0.00E+00  3 1                   (2,3)  0                      
                                         23      1.035  1.667E-01  1.667E-01  0.000E+00
                                          2      2.467  5.417E-01  5.417E-01  0.000E+00
                                          1      2.574  2.917E-01  2.917E-01  0.000E+00
 46   2.607008   1.0  0   0.00E+00  5 0               (1- TO 3)  0                      
                                         26      0.861  1.500E-01  1.500E-01  0.000E+00
                                         16      1.230  3.750E-01  3.750E-01  0.000E+00
                                         12      1.352  3.250E-01  3.250E-01  0.000E+00
                                          4      1.968  1.500E-01  1.500E-01  0.000E+00
                                          1      2.607  0.000E+00  0.000E+00  0.000E+00
 47   2.627862   2.0 -1   0.00E+00  6 1                  (2-,3)  0                      
                                         29      0.766  3.106E-02  3.106E-02  0.000E+00
                                         13      1.362  0.000E+00  0.000E+00  0.000E+00
                                          8      1.786  1.242E-01  1.242E-01  0.000E+00
                                          3      2.370  9.938E-02  9.938E-02  0.000E+00
                                          2      2.521  6.211E-02  6.211E-02  0.000E+00
                                          1      2.628  6.832E-01  6.832E-01  0.000E+00
 48   2.644287   3.0 -1   0.00E+00  7 0                      3-  0                      
                                         31      0.707  6.897E-02  6.897E-02  0.000E+00
                                         25      0.921  8.046E-02  8.046E-02  0.000E+00
                                         10      1.501  8.046E-02  8.046E-02  0.000E+00
                                          5      1.962  5.747E-01  5.747E-01  0.000E+00
                                          4      2.005  3.448E-02  3.448E-02  0.000E+00
                                          2      2.537  1.609E-01  1.609E-01  0.000E+00
                                          1      2.644  0.000E+00  0.000E+00  0.000E+00
 49   2.653800   2.0 -1   0.00E+00  2 1                  (2-,3)  0                      
                                          3      2.395  8.000E-01  8.000E-01  0.000E+00
                                          1      2.654  2.000E-01  2.000E-01  0.000E+00
 50   2.718089   2.0 -1   0.00E+00  6 1                  (2-,3)  0                      
                                         29      0.856  8.974E-02  8.974E-02  0.000E+00
                                         16      1.341  1.923E-01  1.923E-01  0.000E+00
                                         13      1.452  4.487E-01  4.487E-01  0.000E+00
                                         11      1.520  1.026E-01  1.026E-01  0.000E+00
                                          7      1.934  1.667E-01  1.667E-01  0.000E+00
                                          1      2.718  0.000E+00  0.000E+00  0.000E+00
 51   2.765956   2.0 -1   0.00E+00  5 1                  (2-,3)  0                      
                                         44      0.284  3.865E-02  3.865E-02  0.000E+00
                                         31      0.828  2.657E-01  2.657E-01  0.000E+00
                                         10      1.622  1.932E-02  1.932E-02  0.000E+00
                                          5      2.084  3.140E-01  3.140E-01  0.000E+00
                                          1      2.766  3.623E-01  3.623E-01  0.000E+00
 52   2.862790   2.0 -1   0.00E+00  4 1                  (2-,3)  0                      
                                         18      1.455  6.040E-01  6.040E-01  0.000E+00
                                         13      1.596  1.275E-01  1.275E-01  0.000E+00
                                          8      2.021  2.685E-01  2.685E-01  0.000E+00
                                          1      2.863  0.000E+00  0.000E+00  0.000E+00
 53   2.878005   3.0 -1   0.00E+00  7 0                      3-  0                      
                                         30      0.965  8.130E-02  8.130E-02  0.000E+00
                                         18      1.470  1.423E-01  1.423E-01  0.000E+00
                                          7      2.094  1.220E-01  1.220E-01  0.000E+00
                                          6      2.179  3.455E-01  3.455E-01  0.000E+00
                                          5      2.196  2.033E-01  2.033E-01  0.000E+00
                                          2      2.771  6.098E-02  6.098E-02  0.000E+00
                                          1      2.878  4.472E-02  4.472E-02  0.000E+00
 54   2.917070  -1.0  0   0.00E+00  3 0                          0                      
                                         12      1.662  3.200E-01  3.200E-01  0.000E+00
                                          2      2.810  6.800E-01  6.800E-01  0.000E+00
                                          1      2.917  0.000E+00  0.000E+00  0.000E+00
 55   2.926090   2.0 -1   0.00E+00  4 1                  (2,3)-  0                      
                                         41      0.537  9.091E-02  9.091E-02  0.000E+00
                                         19      1.473  1.364E-01  1.364E-01  0.000E+00
                                         12      1.671  9.091E-02  9.091E-02  0.000E+00
                                          1      2.926  6.818E-01  6.818E-01  0.000E+00
 56   2.938600   1.0  0   0.00E+00  3 0               (1- TO 3)  0                      
                                         19      1.485  5.830E-03  5.830E-03  0.000E+00
                                          8      2.097  6.028E-03  6.028E-03  0.000E+00
                                          1      2.938  9.881E-01  9.881E-01  0.000E+00
 57   3.008350   3.0  0   0.00E+00  5 0                       3  0                      
                                         35      0.847  1.142E-01  1.142E-01  0.000E+00
                                         11      1.810  8.216E-02  8.216E-02  0.000E+00
                                         10      1.865  1.412E-01  1.412E-01  0.000E+00
                                          8      2.166  5.006E-01  5.006E-01  0.000E+00
                                          1      3.008  1.617E-01  1.617E-01  0.000E+00
 58   3.014450   1.0 -1   0.00E+00  6 0              (1- TO 4+)  0                      
                                         42      0.613  2.676E-01  2.676E-01  0.000E+00
                                         22      1.501  6.338E-02  6.338E-02  0.000E+00
                                          8      2.172  3.662E-02  3.662E-02  0.000E+00
                                          5      2.332  9.718E-02  9.718E-02  0.000E+00
                                          2      2.908  5.352E-01  5.352E-01  0.000E+00
                                          1      3.014  0.000E+00  0.000E+00  0.000E+00
 59   3.021115   2.0 -1   0.00E+00  4 1                  (2-,3)  0                      
                                         37      0.817  9.842E-02  9.842E-02  0.000E+00
                                         12      1.766  5.090E-01  5.090E-01  0.000E+00
                                          3      2.763  6.448E-02  6.448E-02  0.000E+00
                                          1      3.021  3.281E-01  3.281E-01  0.000E+00
 60   3.040190   3.0 -1   0.00E+00  3 0                      3-  0                      
                                         43      0.618  2.225E-01  2.225E-01  0.000E+00
                                          6      2.341  7.750E-02  7.750E-02  0.000E+00
                                          1      3.040  7.000E-01  7.000E-01  0.000E+00
 61   3.195780   2.0 -1   0.00E+00  6 1                  (2-,3)  0                      
                                         18      1.788  2.049E-01  2.049E-01  0.000E+00
                                         16      1.819  1.665E-01  1.665E-01  0.000E+00
                                         11      1.998  8.067E-02  8.067E-02  0.000E+00
                                          7      2.412  7.682E-02  7.682E-02  0.000E+00
                                          4      2.557  1.639E-01  1.639E-01  0.000E+00
                                          1      3.196  3.073E-01  3.073E-01  0.000E+00
 62   3.210610   2.0 -1   0.00E+00  2 1                  (2,3)-  0                      
                                         18      1.803  2.867E-01  2.867E-01  0.000E+00
                                          1      3.210  7.133E-01  7.133E-01  0.000E+00
 63   3.233950   3.0  0   0.00E+00  6 1                  (3,4+)  0                      
                                         28      1.391  2.886E-01  2.886E-01  0.000E+00
                                         17      1.834  1.868E-01  1.868E-01  0.000E+00
                                         11      2.036  2.037E-01  2.037E-01  0.000E+00
                                         10      2.090  1.647E-01  1.647E-01  0.000E+00
                                          2      3.127  1.562E-01  1.562E-01  0.000E+00
                                          1      3.234  0.000E+00  0.000E+00  0.000E+00
 64   3.284400   2.0 -1   0.00E+00  4 1                  (2,3)-  0                      
                                         37      1.080  3.369E-02  3.369E-02  0.000E+00
                                         11      2.086  3.369E-01  3.369E-01  0.000E+00
                                          7      2.500  4.699E-01  4.699E-01  0.000E+00
                                          2      3.177  1.596E-01  1.596E-01  0.000E+00
 65   3.287180   2.0 -1   0.00E+00  4 0              (2- TO 4+)  0                      
                                         16      1.910  1.228E-01  1.228E-01  0.000E+00
                                          4      2.648  2.711E-01  2.711E-01  0.000E+00
                                          3      3.029  6.061E-01  6.061E-01  0.000E+00
                                          1      3.287  0.000E+00  0.000E+00  0.000E+00
 66   3.295270   2.0  0   0.00E+00  3 1                   (2,3)  0                      
                                          9      2.184  5.082E-01  5.082E-01  0.000E+00
                                          2      3.188  9.836E-02  9.836E-02  0.000E+00
                                          1      3.295  3.934E-01  3.934E-01  0.000E+00
 67   3.304370  -1.0  0   0.00E+00  4 0                          0                      
                                         26      1.559  6.923E-01  6.923E-01  0.000E+00
                                          9      2.194  1.577E-01  1.577E-01  0.000E+00
                                          5      2.622  1.500E-01  1.500E-01  0.000E+00
                                          1      3.304  0.000E+00  0.000E+00  0.000E+00
 68   3.323740   3.0 -1   0.00E+00  4 0                      3-  0                      
                                          6      2.625  1.309E-01  1.309E-01  0.000E+00
                                          3      3.065  7.383E-02  7.383E-02  0.000E+00
                                          2      3.217  1.376E-01  1.376E-01  0.000E+00
                                          1      3.324  6.577E-01  6.577E-01  0.000E+00
 69   3.367330  -1.0  0   0.00E+00  5 0                          0                      
                                         16      1.990  2.645E-01  2.645E-01  0.000E+00
                                         13      2.101  8.065E-02  8.065E-02  0.000E+00
                                         12      2.112  1.000E-01  1.000E-01  0.000E+00
                                          5      2.685  2.613E-01  2.613E-01  0.000E+00
                                          1      3.367  2.935E-01  2.935E-01  0.000E+00
 70   3.418460   2.0 -1   0.00E+00 10 1                  (2,3)-  0                      
                                         46      0.811  3.007E-02  3.007E-02  0.000E+00
                                         33      1.369  1.216E-01  1.216E-01  0.000E+00
                                         32      1.430  1.663E-02  1.663E-02  0.000E+00
                                         28      1.575  7.038E-02  7.038E-02  0.000E+00
                                         12      2.164  5.950E-02  5.950E-02  0.000E+00
                                         11      2.220  3.455E-01  3.455E-01  0.000E+00
                                          9      2.308  4.287E-02  4.287E-02  0.000E+00
                                          4      2.780  1.088E-01  1.088E-01  0.000E+00
                                          3      3.160  2.047E-01  2.047E-01  0.000E+00
                                          1      3.418  0.000E+00  0.000E+00  0.000E+00
 71   3.421260  -1.0  0   0.00E+00  3 0                          0                      
                                         37      1.217  7.821E-02  7.821E-02  0.000E+00
                                         27      1.604  2.374E-01  2.374E-01  0.000E+00
                                          1      3.421  6.844E-01  6.844E-01  0.000E+00
 72   3.502860   2.0  1   0.00E+00  6 0              (2+ TO 4+)  0                      
                                         31      1.565  1.269E-01  1.269E-01  0.000E+00
                                         19      2.050  1.472E-01  1.472E-01  0.000E+00
                                         16      2.126  7.783E-02  7.783E-02  0.000E+00
                                         10      2.359  5.584E-01  5.584E-01  0.000E+00
                                          8      2.661  4.061E-02  4.061E-02  0.000E+00
                                          5      2.821  4.907E-02  4.907E-02  0.000E+00
 73   3.528960  -1.0  0   0.00E+00  4 0                          0                      
                                         20      2.065  2.985E-01  2.985E-01  0.000E+00
                                         13      2.263  1.381E-01  1.381E-01  0.000E+00
                                          7      2.745  2.276E-01  2.276E-01  0.000E+00
                                          1      3.529  3.358E-01  3.358E-01  0.000E+00
 74   3.621200  -1.0  0   0.00E+00  4 0                          0                      
                                         33      1.572  6.360E-01  6.360E-01  0.000E+00
                                         29      1.759  2.191E-01  2.191E-01  0.000E+00
                                          2      3.514  1.449E-01  1.449E-01  0.000E+00
                                          1      3.621  0.000E+00  0.000E+00  0.000E+00
 75   3.658590   2.0 -1   0.00E+00  7 1                  (2-,3)  0                      
                                         23      2.120  5.335E-02  5.335E-02  0.000E+00
                                         14      2.385  1.360E-01  1.360E-01  0.000E+00
                                         13      2.392  3.138E-01  3.138E-01  0.000E+00
                                         12      2.404  1.778E-01  1.778E-01  0.000E+00
                                         11      2.461  2.197E-01  2.197E-01  0.000E+00
                                          3      3.400  9.937E-02  9.937E-02  0.000E+00
                                          1      3.658  0.000E+00  0.000E+00  0.000E+00
 76   3.674150   1.0  0   0.00E+00  5 0               (1- TO 3)  0                      
                                         34      1.602  4.251E-01  4.251E-01  0.000E+00
                                         29      1.812  6.470E-02  6.470E-02  0.000E+00
                                          8      2.832  3.882E-01  3.882E-01  0.000E+00
                                          5      2.992  1.220E-01  1.220E-01  0.000E+00
                                          1      3.674  0.000E+00  0.000E+00  0.000E+00
 77   3.696480   3.0 -1   0.00E+00  8 1                 (3-,4+)  0                      
                                         40      1.330  4.023E-02  4.023E-02  0.000E+00
                                         19      2.243  1.307E-01  1.307E-01  0.000E+00
                                         16      2.319  1.868E-01  1.868E-01  0.000E+00
                                          9      2.586  2.586E-02  2.586E-02  0.000E+00
                                          6      2.997  2.730E-02  2.730E-02  0.000E+00
                                          5      3.014  3.017E-01  3.017E-01  0.000E+00
                                          2      3.589  2.874E-01  2.874E-01  0.000E+00
                                          1      3.696  0.000E+00  0.000E+00  0.000E+00
 78   3.770630  -1.0  0   0.00E+00  4 0                          0                      
                                         13      2.504  2.303E-01  2.303E-01  0.000E+00
                                          7      2.987  1.842E-01  1.842E-01  0.000E+00
                                          5      3.089  5.855E-01  5.855E-01  0.000E+00
                                          1      3.770  0.000E+00  0.000E+00  0.000E+00
 79   3.794610  -1.0  0   0.00E+00  4 0                          0                      
                                         30      1.881  5.022E-01  5.022E-01  0.000E+00
                                          7      3.011  2.363E-01  2.363E-01  0.000E+00
                                          5      3.113  2.068E-01  2.068E-01  0.000E+00
                                          1      3.794  5.465E-02  5.465E-02  0.000E+00
 80   3.798170   2.0 -1   0.00E+00  4 0              (2- TO 4+)  0                      
                                         17      2.398  4.918E-01  4.918E-01  0.000E+00
                                          9      2.687  3.333E-01  3.333E-01  0.000E+00
                                          3      3.540  1.749E-01  1.749E-01  0.000E+00
                                          1      3.798  0.000E+00  0.000E+00  0.000E+00
 81   3.831760   1.0  0   0.00E+00  2 0               (1+ TO 3)  0                      
                                         36      1.645  5.124E-01  5.124E-01  0.000E+00
                                          1      3.832  4.876E-01  4.876E-01  0.000E+00
 82   3.862030  -1.0  0   0.00E+00  9 0                          0                      
                                         56      0.923  3.957E-02  3.957E-02  0.000E+00
                                         26      2.116  1.674E-01  1.674E-01  0.000E+00
                                         25      2.139  1.522E-01  1.522E-01  0.000E+00
                                         21      2.373  1.065E-01  1.065E-01  0.000E+00
                                         16      2.485  3.957E-02  3.957E-02  0.000E+00
                                          5      3.180  2.740E-01  2.740E-01  0.000E+00
                                          4      3.223  2.283E-02  2.283E-02  0.000E+00
                                          2      3.755  1.979E-01  1.979E-01  0.000E+00
                                          1      3.862  0.000E+00  0.000E+00  0.000E+00
 83   3.876950  -1.0  0   0.00E+00  5 0                          0                      
                                         20      2.413  1.229E-01  1.229E-01  0.000E+00
                                         17      2.477  2.457E-01  2.457E-01  0.000E+00
                                          8      3.035  5.528E-01  5.528E-01  0.000E+00
                                          2      3.770  7.862E-02  7.862E-02  0.000E+00
                                          1      3.877  0.000E+00  0.000E+00  0.000E+00
 84   3.888330   2.0 -1   0.00E+00  5 1                  (2,3)-  0                      
                                         37      1.684  0.000E+00  0.000E+00  0.000E+00
                                         32      1.900  3.770E-01  3.770E-01  0.000E+00
                                         18      2.480  4.754E-01  4.754E-01  0.000E+00
                                          5      3.206  1.475E-01  1.475E-01  0.000E+00
                                          1      3.888  0.000E+00  0.000E+00  0.000E+00
 85   3.890110  -1.0  0   0.00E+00  4 0                          0                      
                                         56      0.952  1.791E-01  1.791E-01  0.000E+00
                                         52      1.027  8.582E-02  8.582E-02  0.000E+00
                                         30      1.977  3.731E-01  3.731E-01  0.000E+00
                                          1      3.890  3.619E-01  3.619E-01  0.000E+00
 86   3.934610   2.0  0   0.00E+00  5 1                   (2,3)  0                      
                                         75      0.276  5.822E-01  5.822E-01  0.000E+00
                                          9      2.824  9.247E-02  9.247E-02  0.000E+00
                                          7      3.151  1.815E-01  1.815E-01  0.000E+00
                                          2      3.828  1.438E-01  1.438E-01  0.000E+00
                                          1      3.934  0.000E+00  0.000E+00  0.000E+00
 87   4.013910  -1.0  0   0.00E+00  5 0                          0                      
                                         20      2.550  3.923E-02  3.923E-02  0.000E+00
                                         18      2.606  1.281E-01  1.281E-01  0.000E+00
                                         14      2.740  2.002E-01  2.002E-01  0.000E+00
                                         13      2.748  8.807E-02  8.807E-02  0.000E+00
                                          1      4.014  5.444E-01  5.444E-01  0.000E+00
 88   4.036970   3.0 -1   0.00E+00  3 0                      3-  0                      
                                         12      2.782  6.166E-02  6.166E-02  0.000E+00
                                          6      3.338  9.342E-01  9.342E-01  0.000E+00
                                          1      4.037  4.111E-03  4.111E-03  0.000E+00
 89   4.039960   1.0  0   0.00E+00  4 0               (1+ TO 3)  0                      
                                         63      0.806  4.816E-01  4.816E-01  0.000E+00
                                         40      1.674  1.388E-01  1.388E-01  0.000E+00
                                         18      2.632  2.663E-01  2.663E-01  0.000E+00
                                          1      4.040  1.133E-01  1.133E-01  0.000E+00
 90   4.053880   2.0 -1   0.00E+00  4 1                  (2,3)-  0                      
                                         41      1.665  1.116E-01  1.116E-01  0.000E+00
                                         13      2.787  6.198E-01  6.198E-01  0.000E+00
                                          7      3.270  8.678E-02  8.678E-02  0.000E+00
                                          1      4.054  1.818E-01  1.818E-01  0.000E+00
 91   4.103700  -1.0  0   0.00E+00  2 0                          0                      
                                         32      2.116  5.028E-02  5.028E-02  0.000E+00
                                         30      2.190  9.497E-01  9.497E-01  0.000E+00
 92   4.105600  -1.0  0   0.00E+00  2 0                          0                      
                                          7      3.322  7.521E-01  7.521E-01  0.000E+00
                                          1      4.105  2.479E-01  2.479E-01  0.000E+00
 93   4.128330   3.0 -1   0.00E+00 12 0                      3-  0                      
                                         39      1.877  1.100E-01  1.100E-01  0.000E+00
                                         36      1.941  3.143E-02  3.143E-02  0.000E+00
                                         29      2.266  7.334E-02  7.334E-02  0.000E+00
                                         26      2.383  8.905E-02  8.905E-02  0.000E+00
                                         18      2.720  1.467E-01  1.467E-01  0.000E+00
                                         16      2.751  8.905E-02  8.905E-02  0.000E+00
                                         14      2.855  2.619E-02  2.619E-02  0.000E+00
                                         13      2.862  1.152E-01  1.152E-01  0.000E+00
                                         10      2.985  2.986E-02  2.986E-02  0.000E+00
                                          8      3.286  2.095E-02  2.095E-02  0.000E+00
                                          4      3.489  2.462E-01  2.462E-01  0.000E+00
                                          1      4.128  2.200E-02  2.200E-02  0.000E+00
 94   4.152330   2.0 -1   0.00E+00  4 0              (2- TO 4+)  0                      
                                         56      1.214  6.536E-01  6.536E-01  0.000E+00
                                         41      1.763  4.118E-02  4.118E-02  0.000E+00
                                          8      3.310  2.092E-01  2.092E-01  0.000E+00
                                          3      3.894  9.608E-02  9.608E-02  0.000E+00
 95   4.154740   1.0  0   0.00E+00  3 0               (1- TO 3)  0                      
                                         20      2.691  5.079E-01  5.079E-01  0.000E+00
                                          8      3.313  3.056E-01  3.056E-01  0.000E+00
                                          1      4.155  1.865E-01  1.865E-01  0.000E+00
 96   4.179430   2.0 -1   0.00E+00  3 0              (2- TO 4+)  0                      
                                         22      2.666  7.340E-01  7.340E-01  0.000E+00
                                         11      2.981  2.660E-01  2.660E-01  0.000E+00
                                          1      4.179  0.000E+00  0.000E+00  0.000E+00
 97   4.259160   1.0  0   0.00E+00  4 0               (1- TO 3)  0                      
                                         24      2.567  4.417E-02  4.417E-02  0.000E+00
                                          8      3.417  9.047E-01  9.047E-01  0.000E+00
                                          5      3.577  3.034E-02  3.034E-02  0.000E+00
                                          1      4.259  2.076E-02  2.076E-02  0.000E+00
 98   4.389800   2.0 -1   0.00E+00  6 0              (2- TO 4+)  0                      
                                         40      2.024  4.487E-01  4.487E-01  0.000E+00
                                         18      2.982  0.000E+00  0.000E+00  0.000E+00
                                          9      3.279  1.923E-01  1.923E-01  0.000E+00
                                          5      3.708  2.308E-01  2.308E-01  0.000E+00
                                          3      4.131  1.282E-01  1.282E-01  0.000E+00
                                          1      4.390  0.000E+00  0.000E+00  0.000E+00
 99   4.416610   2.0 -1   0.00E+00 11 1                  (2,3)-  0                      
                                         42      2.015  1.232E-01  1.232E-01  0.000E+00
                                         41      2.028  3.201E-02  3.201E-02  0.000E+00
                                         29      2.555  5.820E-02  5.820E-02  0.000E+00
                                         27      2.600  9.214E-02  9.214E-02  0.000E+00
                                         20      2.953  1.552E-01  1.552E-01  0.000E+00
                                         12      3.162  2.037E-01  2.037E-01  0.000E+00
                                          8      3.575  2.522E-02  2.522E-02  0.000E+00
                                          4      3.778  6.111E-02  6.111E-02  0.000E+00
                                          3      4.158  7.759E-03  7.759E-03  0.000E+00
                                          2      4.310  4.462E-02  4.462E-02  0.000E+00
                                          1      4.416  1.969E-01  1.969E-01  0.000E+00
100   4.428260   1.0  0   0.00E+00  7 0               (1+ TO 3)  0                      
                                         72      0.925  2.620E-01  2.620E-01  0.000E+00
                                         52      1.565  0.000E+00  0.000E+00  0.000E+00
                                         31      2.491  3.493E-01  3.493E-01  0.000E+00
                                         20      2.964  3.493E-01  3.493E-01  0.000E+00
                                         13      3.162  0.000E+00  0.000E+00  0.000E+00
                                          9      3.317  3.930E-02  3.930E-02  0.000E+00
                                          1      4.428  0.000E+00  0.000E+00  0.000E+00
101   4.443140  -1.0  0   0.00E+00  4 0                          0                      
                                         65      1.156  3.039E-01  3.039E-01  0.000E+00
                                         40      2.077  4.412E-01  4.412E-01  0.000E+00
                                         32      2.455  2.549E-01  2.549E-01  0.000E+00
                                          1      4.443  0.000E+00  0.000E+00  0.000E+00
102   4.481070   2.0 -1   0.00E+00  7 1                  (2,3)-  0                      
                                         32      2.493  7.505E-02  7.505E-02  0.000E+00
                                         27      2.664  1.220E-01  1.220E-01  0.000E+00
                                          9      3.370  3.565E-01  3.565E-01  0.000E+00
                                          8      3.639  4.128E-02  4.128E-02  0.000E+00
                                          4      3.842  7.505E-02  7.505E-02  0.000E+00
                                          2      4.374  2.608E-01  2.608E-01  0.000E+00
                                          1      4.481  6.942E-02  6.942E-02  0.000E+00
103   4.556670   1.0  0   0.00E+00  6 0               (1- TO 3)  0                      
                                         20      3.093  2.640E-01  2.640E-01  0.000E+00
                                         14      3.283  1.746E-01  1.746E-01  0.000E+00
                                         13      3.290  4.574E-02  4.574E-02  0.000E+00
                                          8      3.715  3.742E-02  3.742E-02  0.000E+00
                                          5      3.875  4.782E-01  4.782E-01  0.000E+00
                                          1      4.556  0.000E+00  0.000E+00  0.000E+00
104   4.576290   2.0 -1   0.00E+00  6 1                  (2,3)-  0                      
                                         54      1.659  2.715E-02  2.715E-02  0.000E+00
                                         44      2.094  3.778E-02  3.778E-02  0.000E+00
                                         39      2.325  2.893E-02  2.893E-02  0.000E+00
                                         34      2.504  0.000E+00  0.000E+00  0.000E+00
                                         20      3.113  7.969E-02  7.969E-02  0.000E+00
                                          9      3.465  8.264E-01  8.264E-01  0.000E+00
105   4.590580   2.0 -1   0.00E+00  8 0              (2- TO 4+)  0                      
                                         42      2.189  1.490E-01  1.490E-01  0.000E+00
                                         27      2.774  8.942E-02  8.942E-02  0.000E+00
                                         22      3.077  1.043E-01  1.043E-01  0.000E+00
                                         20      3.127  1.341E-01  1.341E-01  0.000E+00
                                          9      3.480  4.471E-01  4.471E-01  0.000E+00
                                          3      4.332  3.130E-02  3.130E-02  0.000E+00
                                          2      4.483  4.471E-02  4.471E-02  0.000E+00
                                          1      4.590  0.000E+00  0.000E+00  0.000E+00
106   4.612800   2.0  1   0.00E+00  6 1                  (2+,3)  0                      
                                         47      1.985  1.258E-01  1.258E-01  0.000E+00
                                         37      2.409  0.000E+00  0.000E+00  0.000E+00
                                         35      2.451  2.516E-01  2.516E-01  0.000E+00
                                         13      3.346  6.604E-02  6.604E-02  0.000E+00
                                         10      3.469  5.346E-01  5.346E-01  0.000E+00
                                          1      4.613  2.201E-02  2.201E-02  0.000E+00
107   4.660680   2.0 -1   0.00E+00  5 1                  (2-,3)  0                      
                                         76      0.987  3.158E-01  3.158E-01  0.000E+00
                                         18      3.253  2.105E-01  2.105E-01  0.000E+00
                                         13      3.394  2.105E-01  2.105E-01  0.000E+00
                                          3      4.402  2.632E-01  2.632E-01  0.000E+00
                                          1      4.660  0.000E+00  0.000E+00  0.000E+00
108   4.715350   2.0 -1   0.00E+00  4 1                  (2-,3)  0                      
                                         27      2.898  5.556E-01  5.556E-01  0.000E+00
                                          5      4.033  2.778E-01  2.778E-01  0.000E+00
                                          3      4.457  1.019E-01  1.019E-01  0.000E+00
                                          1      4.715  6.481E-02  6.481E-02  0.000E+00
109   4.748470   2.0 -1   0.00E+00  4 1                  (2,3)-  0                      
                                         50      2.030  5.703E-01  5.703E-01  0.000E+00
                                         36      2.561  1.521E-01  1.521E-01  0.000E+00
                                          6      4.049  2.281E-01  2.281E-01  0.000E+00
                                          1      4.748  4.943E-02  4.943E-02  0.000E+00
110   4.778080  -1.0  0   0.00E+00  6 0                          0                      
                                         51      2.012  5.118E-01  5.118E-01  0.000E+00
                                         34      2.706  1.181E-01  1.181E-01  0.000E+00
                                         27      2.961  2.362E-01  2.362E-01  0.000E+00
                                          8      3.936  6.299E-02  6.299E-02  0.000E+00
                                          5      4.096  7.087E-02  7.087E-02  0.000E+00
                                          1      4.778  0.000E+00  0.000E+00  0.000E+00
111   4.806840   1.0 -1   0.00E+00 10 1                (1,2,3)-  0                      
                                         63      1.573  1.592E-01  1.592E-01  0.000E+00
                                         47      2.179  0.000E+00  0.000E+00  0.000E+00
                                         46      2.200  8.683E-02  8.683E-02  0.000E+00
                                         37      2.603  8.683E-02  8.683E-02  0.000E+00
                                         29      2.945  8.683E-02  8.683E-02  0.000E+00
                                         20      3.343  2.605E-02  2.605E-02  0.000E+00
                                         12      3.552  1.013E-01  1.013E-01  0.000E+00
                                          7      4.023  4.342E-01  4.342E-01  0.000E+00
                                          5      4.125  1.881E-02  1.881E-02  0.000E+00
                                          1      4.807  0.000E+00  0.000E+00  0.000E+00
112   4.853600   0.0 -1   0.00E+00  2 0               (0 TO 3)-  0                      
                                         40      2.487  4.242E-01  4.242E-01  0.000E+00
                                          1      4.853  5.758E-01  5.758E-01  0.000E+00
113   4.877270  -1.0  0   0.00E+00  4 0                          0                      
                                         69      1.510  5.000E-01  5.000E-01  0.000E+00
                                         24      3.185  5.000E-01  5.000E-01  0.000E+00
                                         18      3.469  0.000E+00  0.000E+00  0.000E+00
                                          1      4.877  0.000E+00  0.000E+00  0.000E+00
114   4.903640  -1.0  0   0.00E+00  4 0                          0                      
                                         19      3.450  6.047E-01  6.047E-01  0.000E+00
                                          6      4.204  6.977E-02  6.977E-02  0.000E+00
                                          3      4.645  3.256E-01  3.256E-01  0.000E+00
                                          1      4.903  0.000E+00  0.000E+00  0.000E+00
115   4.938940  -1.0  0   0.00E+00  4 0                          0                      
                                         53      2.061  1.200E-01  1.200E-01  0.000E+00
                                         38      2.700  2.400E-01  2.400E-01  0.000E+00
                                         30      3.025  4.400E-01  4.400E-01  0.000E+00
                                          1      4.939  2.000E-01  2.000E-01  0.000E+00
116   4.942980  -1.0  0   0.00E+00  4 0                          0                      
                                         85      1.053  7.732E-01  7.732E-01  0.000E+00
                                         59      1.922  1.237E-01  1.237E-01  0.000E+00
                                          8      4.101  1.031E-01  1.031E-01  0.000E+00
                                          1      4.943  0.000E+00  0.000E+00  0.000E+00
117   4.959730  -1.0  0   0.00E+00  4 0                          0                      
                                         34      2.888  1.515E-01  1.515E-01  0.000E+00
                                         22      3.446  6.061E-01  6.061E-01  0.000E+00
                                         16      3.582  2.424E-01  2.424E-01  0.000E+00
                                          1      4.959  0.000E+00  0.000E+00  0.000E+00
118   5.003000  -1.0  0   0.00E+00  6 0                          0                      
                                         55      2.077  6.333E-01  6.333E-01  0.000E+00
                                         43      2.581  2.333E-01  2.333E-01  0.000E+00
                                         25      3.279  6.000E-02  6.000E-02  0.000E+00
                                          7      4.219  3.667E-02  3.667E-02  0.000E+00
                                          2      4.896  3.667E-02  3.667E-02  0.000E+00
                                          1      5.003  0.000E+00  0.000E+00  0.000E+00
119   5.064010  -1.0  0   0.00E+00  4 0                          0                      
                                         28      3.221  3.171E-01  3.171E-01  0.000E+00
                                         14      3.790  3.659E-01  3.659E-01  0.000E+00
                                          4      4.425  3.171E-01  3.171E-01  0.000E+00
                                          1      5.064  0.000E+00  0.000E+00  0.000E+00
120   5.081290  -1.0  0   0.00E+00  4 0                          0                      
                                         13      3.815  1.341E-01  1.341E-01  0.000E+00
                                          5      4.399  1.397E-01  1.397E-01  0.000E+00
                                          4      4.442  3.911E-01  3.911E-01  0.000E+00
                                          1      5.081  3.352E-01  3.352E-01  0.000E+00
121   5.097040  -1.0  0   0.00E+00  5 0                          0                      
                                         64      1.813  9.772E-02  9.772E-02  0.000E+00
                                         45      2.523  3.909E-01  3.909E-01  0.000E+00
                                         42      2.695  2.932E-01  2.932E-01  0.000E+00
                                         40      2.731  1.303E-01  1.303E-01  0.000E+00
                                          1      5.097  8.795E-02  8.795E-02  0.000E+00
122   5.179150  -1.0  0   0.00E+00  3 0                          0                      
                                         65      1.892  7.273E-01  7.273E-01  0.000E+00
                                         30      3.266  2.727E-01  2.727E-01  0.000E+00
                                          1      5.179  0.000E+00  0.000E+00  0.000E+00
123   5.246640  -1.0  0   0.00E+00  5 0                          0                      
                                         32      3.259  7.917E-02  7.917E-02  0.000E+00
                                         26      3.501  4.583E-02  4.583E-02  0.000E+00
                                         16      3.869  3.333E-01  3.333E-01  0.000E+00
                                          8      4.404  5.417E-01  5.417E-01  0.000E+00
                                          1      5.246  0.000E+00  0.000E+00  0.000E+00
124   5.318970  -1.0  0   0.00E+00  7 0                          0                      
                                         70      1.900  0.000E+00  0.000E+00  0.000E+00
                                         53      2.441  2.073E-01  2.073E-01  0.000E+00
                                         38      3.080  9.326E-02  9.326E-02  0.000E+00
                                         11      4.121  4.145E-01  4.145E-01  0.000E+00
                                          7      4.535  2.073E-01  2.073E-01  0.000E+00
                                          5      4.637  7.772E-02  7.772E-02  0.000E+00
                                          1      5.319  0.000E+00  0.000E+00  0.000E+00
125   5.476960  -1.0  0   0.00E+00  5 0                          0                      
                                         51      2.711  1.509E-01  1.509E-01  0.000E+00
                                         27      3.660  5.660E-01  5.660E-01  0.000E+00
                                          9      4.366  1.321E-01  1.321E-01  0.000E+00
                                          7      4.693  1.509E-01  1.509E-01  0.000E+00
                                          1      5.477  0.000E+00  0.000E+00  0.000E+00
126   5.630320  -1.0  0   0.00E+00  4 0                          0                      
                                         66      2.335  5.970E-01  5.970E-01  0.000E+00
                                         21      4.141  1.493E-01  1.493E-01  0.000E+00
                                         15      4.254  2.537E-01  2.537E-01  0.000E+00
                                          1      5.630  0.000E+00  0.000E+00  0.000E+00
127   5.697230  -1.0  0   0.00E+00  4 0                          0                      
                                         34      3.625  9.504E-02  9.504E-02  0.000E+00
                                         20      4.233  7.025E-02  7.025E-02  0.000E+00
                                         16      4.320  7.851E-01  7.851E-01  0.000E+00
                                          4      5.058  4.959E-02  4.959E-02  0.000E+00
128   5.710670  -1.0  0   0.00E+00  5 0                          0                      
                                         91      1.607  4.843E-01  4.843E-01  0.000E+00
                                         88      1.674  0.000E+00  0.000E+00  0.000E+00
                                         39      3.459  3.522E-01  3.522E-01  0.000E+00
                                          3      5.452  1.635E-01  1.635E-01  0.000E+00
                                          1      5.710  0.000E+00  0.000E+00  0.000E+00
129   5.759710  -1.0  0   0.00E+00  7 0                          0                      
                                         71      2.338  6.609E-01  6.609E-01  0.000E+00
                                         70      2.341  0.000E+00  0.000E+00  0.000E+00
                                         67      2.455  0.000E+00  0.000E+00  0.000E+00
                                         53      2.882  9.195E-02  9.195E-02  0.000E+00
                                         52      2.897  1.322E-01  1.322E-01  0.000E+00
                                         21      4.270  1.149E-01  1.149E-01  0.000E+00
                                          1      5.759  0.000E+00  0.000E+00  0.000E+00
130   5.789720  -1.0  0   0.00E+00  3 0                          0                      
                                         89      1.750  8.917E-01  8.917E-01  0.000E+00
                                         32      3.802  1.083E-01  1.083E-01  0.000E+00
                                          1      5.789  0.000E+00  0.000E+00  0.000E+00
131   5.846610  -1.0  0   0.00E+00  4 0                          0                      
                                         67      2.542  8.571E-01  8.571E-01  0.000E+00
                                         51      3.081  0.000E+00  0.000E+00  0.000E+00
                                          9      4.736  1.429E-01  1.429E-01  0.000E+00
                                          1      5.846  0.000E+00  0.000E+00  0.000E+00
132   5.953490  -1.0  0   0.00E+00  6 0                          0                      
                                         74      2.332  0.000E+00  0.000E+00  0.000E+00
                                         72      2.451  0.000E+00  0.000E+00  0.000E+00
                                         46      3.346  0.000E+00  0.000E+00  0.000E+00
                                         34      3.881  9.804E-02  9.804E-02  0.000E+00
                                         12      4.698  9.020E-01  9.020E-01  0.000E+00
                                          1      5.953  0.000E+00  0.000E+00  0.000E+00
133   5.978320  -1.0  0   0.00E+00  6 0                          0                      
                                         47      3.350  4.592E-01  4.592E-01  0.000E+00
                                         35      3.816  2.403E-01  2.403E-01  0.000E+00
                                         22      4.465  3.433E-02  3.433E-02  0.000E+00
                                         16      4.601  6.867E-02  6.867E-02  0.000E+00
                                          4      5.339  1.974E-01  1.974E-01  0.000E+00
                                          1      5.978  0.000E+00  0.000E+00  0.000E+00
134   7.533822   1.0  1   0.00E+00121 1                   1+,2+  0                      
                                        133      1.555  1.189E-03  1.189E-03  0.000E+00
                                        132      1.580  3.028E-03  3.028E-03  0.000E+00
                                        131      1.687  4.217E-04  4.217E-04  0.000E+00
                                        130      1.744  7.569E-03  7.569E-03  0.000E+00
                                        129      1.774  1.514E-03  1.514E-03  0.000E+00
                                        128      1.823  3.460E-03  3.460E-03  0.000E+00
                                        127      1.837  1.406E-03  1.406E-03  0.000E+00
                                        126      1.903  0.000E+00  0.000E+00  0.000E+00
                                        125      2.057  6.488E-04  6.488E-04  0.000E+00
                                        124      2.215  4.325E-02  4.325E-02  0.000E+00
                                        123      2.287  4.650E-03  4.650E-03  0.000E+00
                                        122      2.355  1.330E-03  1.330E-03  0.000E+00
                                        121      2.437  3.352E-03  3.352E-03  0.000E+00
                                        120      2.452  5.082E-03  5.082E-03  0.000E+00
                                        119      2.470  3.028E-03  3.028E-03  0.000E+00
                                        118      2.531  3.352E-03  3.352E-03  0.000E+00
                                        117      2.574  1.189E-03  1.189E-03  0.000E+00
                                        116      2.591  1.946E-03  1.946E-03  0.000E+00
                                        115      2.595  1.298E-03  1.298E-03  0.000E+00
                                        114      2.630  1.298E-03  1.298E-03  0.000E+00
                                        113      2.656  1.298E-03  1.298E-03  0.000E+00
                                        112      2.680  6.272E-03  6.272E-03  0.000E+00
                                        111      2.727  1.081E-02  1.081E-02  0.000E+00
                                        110      2.756  1.514E-03  1.514E-03  0.000E+00
                                        109      2.785  1.189E-03  1.189E-03  0.000E+00
                                        108      2.818  9.732E-04  9.732E-04  0.000E+00
                                        107      2.873  2.703E-03  2.703E-03  0.000E+00
                                        106      2.921  2.487E-03  2.487E-03  0.000E+00
                                        105      2.943  4.325E-03  4.325E-03  0.000E+00
                                        104      2.957  3.677E-03  3.677E-03  0.000E+00
                                        103      2.977  5.407E-03  5.407E-03  0.000E+00
                                        102      3.053  8.002E-03  8.002E-03  0.000E+00
                                        101      3.091  2.163E-03  2.163E-03  0.000E+00
                                        100      3.105  8.651E-03  8.651E-03  0.000E+00
                                         99      3.117  1.276E-02  1.276E-02  0.000E+00
                                         98      3.144  2.811E-03  2.811E-03  0.000E+00
                                         97      3.275  1.211E-03  1.211E-03  0.000E+00
                                         96      3.354  1.622E-03  1.622E-03  0.000E+00
                                         95      3.379  2.163E-03  2.163E-03  0.000E+00
                                         94      3.381  6.596E-03  6.596E-03  0.000E+00
                                         93      3.405  2.055E-02  2.055E-02  0.000E+00
                                         92      3.428  2.379E-03  2.379E-03  0.000E+00
                                         91      3.430  2.487E-03  2.487E-03  0.000E+00
                                         90      3.480  3.136E-03  3.136E-03  0.000E+00
                                         89      3.494  1.622E-03  1.622E-03  0.000E+00
                                         88      3.497  4.758E-03  4.758E-03  0.000E+00
                                         87      3.520  1.460E-02  1.460E-02  0.000E+00
                                         86      3.599  3.460E-03  3.460E-03  0.000E+00
                                         85      3.644  3.352E-03  3.352E-03  0.000E+00
                                         84      3.645  1.514E-03  1.514E-03  0.000E+00
                                         83      3.657  7.353E-03  7.353E-03  0.000E+00
                                         82      3.672  8.759E-03  8.759E-03  0.000E+00
                                         81      3.702  1.179E-03  1.179E-03  0.000E+00
                                         80      3.735  2.055E-03  2.055E-03  0.000E+00
                                         79      3.739  7.786E-03  7.786E-03  0.000E+00
                                         78      3.763  1.027E-03  1.027E-03  0.000E+00
                                         77      3.837  9.732E-03  9.732E-03  0.000E+00
                                         76      3.859  5.299E-03  5.299E-03  0.000E+00
                                         75      3.875  8.110E-03  8.110E-03  0.000E+00
                                         74      3.912  3.568E-03  3.568E-03  0.000E+00
                                         73      4.005  1.049E-03  1.049E-03  0.000E+00
                                         72      4.031  2.595E-03  2.595E-03  0.000E+00
                                         71      4.112  5.947E-03  5.947E-03  0.000E+00
                                         70      4.115  1.730E-02  1.730E-02  0.000E+00
                                         69      4.166  3.244E-03  3.244E-03  0.000E+00
                                         68      4.210  2.271E-03  2.271E-03  0.000E+00
                                         67      4.229  2.163E-03  2.163E-03  0.000E+00
                                         66      4.238  2.163E-03  2.163E-03  0.000E+00
                                         65      4.246  1.211E-03  1.211E-03  0.000E+00
                                         64      4.249  9.191E-03  9.191E-03  0.000E+00
                                         63      4.300  4.974E-03  4.974E-03  0.000E+00
                                         62      4.323  4.650E-03  4.650E-03  0.000E+00
                                         61      4.338  8.326E-03  8.326E-03  0.000E+00
                                         60      4.493  4.433E-03  4.433E-03  0.000E+00
                                         59      4.512  1.265E-02  1.265E-02  0.000E+00
                                         58      4.519  6.488E-03  6.488E-03  0.000E+00
                                         57      4.525  8.975E-03  8.975E-03  0.000E+00
                                         56      4.595  5.190E-03  5.190E-03  0.000E+00
                                         55      4.607  4.433E-03  4.433E-03  0.000E+00
                                         54      4.616  2.811E-03  2.811E-03  0.000E+00
                                         53      4.656  5.839E-03  5.839E-03  0.000E+00
                                         52      4.671  4.650E-03  4.650E-03  0.000E+00
                                         51      4.768  4.325E-02  4.325E-02  0.000E+00
                                         50      4.815  1.471E-02  1.471E-02  0.000E+00
                                         49      4.880  6.272E-04  6.272E-04  0.000E+00
                                         48      4.889  9.516E-03  9.516E-03  0.000E+00
                                         47      4.906  5.947E-03  5.947E-03  0.000E+00
                                         46      4.927  5.947E-03  5.947E-03  0.000E+00
                                         45      4.960  3.677E-03  3.677E-03  0.000E+00
                                         44      5.051  2.033E-02  2.033E-02  0.000E+00
                                         43      5.111  2.011E-02  2.011E-02  0.000E+00
                                         42      5.132  3.677E-02  3.677E-02  0.000E+00
                                         41      5.145  1.038E-02  1.038E-02  0.000E+00
                                         40      5.167  6.921E-02  6.921E-02  0.000E+00
                                         39      5.282  5.407E-03  5.407E-03  0.000E+00
                                         38      5.295  2.768E-02  2.768E-02  0.000E+00
                                         37      5.329  1.265E-03  1.265E-03  0.000E+00
                                         36      5.346  5.839E-04  5.839E-04  0.000E+00
                                         35      5.372  3.893E-03  3.893E-03  0.000E+00
                                         34      5.461  2.628E-02  2.628E-02  0.000E+00
                                         33      5.484  1.838E-02  1.838E-02  0.000E+00
                                         31      5.596  1.373E-02  1.373E-02  0.000E+00
                                         29      5.672  3.677E-02  3.677E-02  0.000E+00
                                         28      5.690  2.282E-02  2.282E-02  0.000E+00
                                         27      5.717  1.892E-03  1.892E-03  0.000E+00
                                         26      5.788  1.568E-03  1.568E-03  0.000E+00
                                         25      5.810  6.380E-03  6.380E-03  0.000E+00
                                         20      6.070  3.136E-03  3.136E-03  0.000E+00
                                         18      6.125  3.785E-03  3.785E-03  0.000E+00
                                         17      6.133  4.001E-03  4.001E-03  0.000E+00
                                         16      6.156  9.300E-03  9.300E-03  0.000E+00
                                         14      6.260  3.677E-03  3.677E-03  0.000E+00
                                         13      6.267  7.894E-03  7.894E-03  0.000E+00
                                         12      6.279  1.525E-02  1.525E-02  0.000E+00
                                         10      6.390  2.076E-03  2.076E-03  0.000E+00
                                          9      6.423  6.380E-03  6.380E-03  0.000E+00
                                          8      6.691  8.110E-03  8.110E-03  0.000E+00
                                          5      6.851  5.623E-02  5.623E-02  0.000E+00
                                          4      6.894  1.265E-02  1.265E-02  0.000E+00
                                          2      7.426  3.244E-02  3.244E-02  0.000E+00
                                          1      7.533  1.903E-02  1.903E-02  0.000E+00
