  41K   41   19  109  585  108   11   10.095370    7.808620
  1   0.000000   1.5  1  -1.00E+00  0 0                    3/2+  0                      
  2   0.980478   0.5  1   2.90E-13  1 0                    1/2+  0                      
                                          1      0.980  1.000E+00  1.000E+00  0.000E+00
  3   1.293611   3.5 -1   7.20E-09  1 0                    7/2-  0                      
                                          1      1.294  1.000E+00  1.000E+00  0.000E+00
  4   1.559904   1.5  1   3.75E-13  2 0                    3/2+  0                      
                                          2      0.579  1.784E-01  1.784E-01  0.000E+00
                                          1      1.560  8.216E-01  8.216E-01  0.000E+00
  5   1.582002   1.5 -1   9.30E-12  3 0                    3/2-  0                      
                                          3      0.288  7.786E-03  7.786E-03  0.000E+00
                                          2      0.602  1.691E-01  1.691E-01  0.000E+00
                                          1      1.582  8.231E-01  8.231E-01  0.000E+00
  6   1.593113   0.5  1   9.50E-14  2 0                    1/2+  0                      
                                          2      0.613  4.561E-01  4.561E-01  0.000E+00
                                          1      1.593  5.439E-01  5.439E-01  0.000E+00
  7   1.677233   3.5  1   1.40E-11  2 0                    7/2+  0                      
                                          3      0.384  7.315E-03  7.315E-03  0.000E+00
                                          1      1.677  9.927E-01  9.927E-01  0.000E+00
  8   1.697994   2.5  1   8.00E-13  1 0                    5/2+  0                      
                                          1      1.698  1.000E+00  1.000E+00  0.000E+00
  9   2.143811   2.5  1   1.40E-13  5 0                    5/2+  0                      
                                          8      0.446  3.620E-02  3.620E-02  0.000E+00
                                          6      0.551  1.417E-03  1.417E-03  0.000E+00
                                          5      0.562  2.204E-03  2.204E-03  0.000E+00
                                          4      0.584  2.204E-01  2.204E-01  0.000E+00
                                          1      2.144  7.398E-01  7.398E-01  0.000E+00
 10   2.166691   1.5 -1   1.90E-12  5 0                    3/2-  0                      
                                          6      0.574  3.744E-02  3.744E-02  0.000E+00
                                          5      0.585  1.584E-01  1.584E-01  0.000E+00
                                          4      0.607  1.944E-02  1.944E-02  0.000E+00
                                          2      1.186  4.320E-01  4.320E-01  0.000E+00
                                          1      2.167  3.528E-01  3.528E-01  0.000E+00
 11   2.316620   2.5 -1   5.70E-13  4 0                    5/2-  0                      
                                          7      0.639  2.614E-03  2.614E-03  0.000E+00
                                          5      0.735  3.794E-02  3.794E-02  0.000E+00
                                          3      1.023  9.274E-01  9.274E-01  0.000E+00
                                          1      2.317  3.204E-02  3.204E-02  0.000E+00
 12   2.447840   0.5 -1   0.00E+00  1 0          (1/2- TO 7/2+)  0                      
                                          1      2.448  1.000E+00  1.000E+00  0.000E+00
 13   2.494902   4.5  1   3.10E-12  4 0                    9/2+  0                      
                                          8      0.797  1.915E-01  1.915E-01  0.000E+00
                                          7      0.818  4.894E-01  4.894E-01  0.000E+00
                                          3      1.201  3.191E-01  3.191E-01  0.000E+00
                                          1      2.495  0.000E+00  0.000E+00  0.000E+00
 14   2.507925   3.5  1   1.50E-13  6 0                    7/2+  0                      
                                         11      0.191  1.096E-03  1.096E-03  0.000E+00
                                          9      0.364  2.603E-02  2.603E-02  0.000E+00
                                          7      0.831  3.700E-01  3.700E-01  0.000E+00
                                          4      0.948  6.988E-02  6.988E-02  0.000E+00
                                          3      1.214  9.455E-02  9.455E-02  0.000E+00
                                          1      2.508  4.385E-01  4.385E-01  0.000E+00
 15   2.527659   5.5  1   1.50E-10  2 0                   11/2+  0                      
                                          7      0.850  1.000E+00  1.000E+00  0.000E+00
                                          1      2.528  0.000E+00  0.000E+00  0.000E+00
 16   2.593961   1.5 -1   0.00E+00  3 0                    3/2-  0                      
                                          8      0.896  7.500E-01  7.500E-01  0.000E+00
                                          5      1.012  2.500E-01  2.500E-01  0.000E+00
                                          1      2.594  0.000E+00  0.000E+00  0.000E+00
 17   2.712568   1.5 -1   5.35E-13  6 0                  (3/2-)  0                      
                                         11      0.396  1.275E-01  1.275E-01  0.000E+00
                                         10      0.546  1.481E-02  1.481E-02  0.000E+00
                                          8      1.015  6.787E-02  6.787E-02  0.000E+00
                                          5      1.131  1.316E-01  1.316E-01  0.000E+00
                                          3      1.419  6.582E-01  6.582E-01  0.000E+00
                                          1      2.712  0.000E+00  0.000E+00  0.000E+00
 18   2.756724   2.5  1   5.00E-14  6 0                    5/2+  0                      
                                          9      0.613  6.615E-02  6.615E-02  0.000E+00
                                          8      1.059  8.749E-02  8.749E-02  0.000E+00
                                          7      1.079  1.408E-02  1.408E-02  0.000E+00
                                          4      1.197  1.067E-01  1.067E-01  0.000E+00
                                          3      1.463  1.494E-01  1.494E-01  0.000E+00
                                          1      2.757  5.762E-01  5.762E-01  0.000E+00
 19   2.761732   5.5 -1   4.80E-13  3 0                   11/2-  0                      
                                         13      0.267  2.720E-03  2.720E-03  0.000E+00
                                          3      1.468  9.973E-01  9.973E-01  0.000E+00
                                          1      2.762  0.000E+00  0.000E+00  0.000E+00
 20   2.774246   6.5  1   5.10E-11  2 0                   13/2+  0                      
                                         15      0.247  1.000E+00  1.000E+00  0.000E+00
                                          1      2.774  0.000E+00  0.000E+00  0.000E+00
 21   3.048200   1.5 -1   0.00E+00  2 0                    3/2-  0                      
                                          9      0.904  1.182E-01  1.182E-01  0.000E+00
                                          1      3.048  8.818E-01  8.818E-01  0.000E+00
 22   3.141832   3.5 -1   0.00E+00  6 0                    7/2-  0                      
                                         19      0.380  3.959E-03  3.959E-03  0.000E+00
                                         18      0.385  7.918E-02  7.918E-02  0.000E+00
                                         14      0.634  5.701E-01  5.701E-01  0.000E+00
                                         13      0.647  3.167E-01  3.167E-01  0.000E+00
                                         11      0.825  3.009E-02  3.009E-02  0.000E+00
                                          1      3.142  0.000E+00  0.000E+00  0.000E+00
 23   3.142430   2.5 -1   1.45E-13  6 0                    5/2-  0                      
                                         19      0.381  1.367E-02  1.367E-02  0.000E+00
                                         15      0.615  1.837E-02  1.837E-02  0.000E+00
                                          9      0.999  8.776E-03  8.776E-03  0.000E+00
                                          7      1.465  2.449E-01  2.449E-01  0.000E+00
                                          3      1.849  7.143E-01  7.143E-01  0.000E+00
                                          1      3.142  0.000E+00  0.000E+00  0.000E+00
 24   3.213610   2.5 -1   1.25E-13  3 0                    5/2-  0                      
                                          5      1.632  1.048E-01  1.048E-01  0.000E+00
                                          3      1.920  8.468E-01  8.468E-01  0.000E+00
                                          1      3.213  4.839E-02  4.839E-02  0.000E+00
 25   3.235578   1.5  0   5.00E-14  3 0           (3/2- TO 7/2)  0                      
                                         11      0.919  3.214E-01  3.214E-01  0.000E+00
                                          3      1.942  6.786E-01  6.786E-01  0.000E+00
                                          1      3.235  0.000E+00  0.000E+00  0.000E+00
 26   3.240648   2.5  1   0.00E+00  6 1              (5/2+,7/2)  0                      
                                         14      0.733  2.581E-01  2.581E-01  0.000E+00
                                         13      0.746  9.109E-02  9.109E-02  0.000E+00
                                          9      1.097  1.215E-01  1.215E-01  0.000E+00
                                          8      1.543  3.340E-02  3.340E-02  0.000E+00
                                          3      1.947  4.960E-01  4.960E-01  0.000E+00
                                          1      3.241  0.000E+00  0.000E+00  0.000E+00
 27   3.431847   4.5 -1   0.00E+00  5 1             9/2-,(7/2-)  0                      
                                         19      0.670  2.021E-01  2.021E-01  0.000E+00
                                         17      0.719  1.596E-01  1.596E-01  0.000E+00
                                         11      1.115  1.011E-01  1.011E-01  0.000E+00
                                          3      2.138  5.372E-01  5.372E-01  0.000E+00
                                          1      3.432  0.000E+00  0.000E+00  0.000E+00
 28   3.488390   2.5  1   0.00E+00  2 0                    5/2+  0                      
                                          8      1.790  1.000E+00  1.000E+00  0.000E+00
                                          1      3.488  0.000E+00  0.000E+00  0.000E+00
 29   3.489350   2.5 -1   0.00E+00  3 1              (5/2,7/2)-  0                      
                                         12      1.042  3.056E-01  3.056E-01  0.000E+00
                                          3      2.196  6.944E-01  6.944E-01  0.000E+00
                                          1      3.489  0.000E+00  0.000E+00  0.000E+00
 30   3.521390   2.5  1   0.00E+00  2 1              (5/2,7/2)+  0                      
                                         13      1.026  1.455E-01  1.455E-01  0.000E+00
                                          1      3.521  8.545E-01  8.545E-01  0.000E+00
 31   3.534443   3.5  1   0.00E+00  5 0         (7/2+ TO 11/2+)  0                      
                                         26      0.294  2.144E-02  2.144E-02  0.000E+00
                                         15      1.007  4.101E-01  4.101E-01  0.000E+00
                                         14      1.027  0.000E+00  0.000E+00  0.000E+00
                                         13      1.040  5.685E-01  5.685E-01  0.000E+00
                                          1      3.534  0.000E+00  0.000E+00  0.000E+00
 32   3.560610   1.5 -1   0.00E+00  2 0          (3/2- TO 7/2+)  0                      
                                         22      0.419  1.186E-02  1.186E-02  0.000E+00
                                          1      3.560  9.881E-01  9.881E-01  0.000E+00
 33   3.612757   1.5 -1   0.00E+00  2 1              (3/2-,5/2)  0                      
                                          5      2.031  3.077E-01  3.077E-01  0.000E+00
                                          1      3.613  6.923E-01  6.923E-01  0.000E+00
 34   3.651475   2.5  0   0.00E+00  3 1           (5/2,7/2,9/2)  0                      
                                          7      1.974  8.182E-01  8.182E-01  0.000E+00
                                          3      2.358  1.818E-01  1.818E-01  0.000E+00
                                          1      3.651  0.000E+00  0.000E+00  0.000E+00
 35   3.761530   1.5 -1   0.00E+00  4 0          (3/2- TO 7/2+)  0                      
                                         18      1.005  4.110E-02  4.110E-02  0.000E+00
                                         13      1.267  6.393E-02  6.393E-02  0.000E+00
                                          4      2.202  1.187E-01  1.187E-01  0.000E+00
                                          1      3.761  7.763E-01  7.763E-01  0.000E+00
 36   3.774666   2.5 -1   0.00E+00  7 0                    5/2-  0                      
                                         25      0.539  1.001E-02  1.001E-02  0.000E+00
                                         24      0.561  6.115E-03  6.115E-03  0.000E+00
                                         14      1.267  0.000E+00  0.000E+00  0.000E+00
                                          5      2.193  1.556E-01  1.556E-01  0.000E+00
                                          3      2.481  3.502E-01  3.502E-01  0.000E+00
                                          2      2.794  1.445E-01  1.445E-01  0.000E+00
                                          1      3.774  3.335E-01  3.335E-01  0.000E+00
 37   3.826896   2.5  1   0.00E+00  5 1              (5/2+,7/2)  0                      
                                         26      0.586  8.662E-03  8.662E-03  0.000E+00
                                         22      0.685  7.700E-02  7.700E-02  0.000E+00
                                          8      2.129  1.155E-01  1.155E-01  0.000E+00
                                          7      2.150  4.139E-01  4.139E-01  0.000E+00
                                          1      3.827  3.850E-01  3.850E-01  0.000E+00
 38   3.870529   2.5 -1   0.00E+00  3 1             (5/2, 7/2)-  0                      
                                          9      1.727  5.286E-01  5.286E-01  0.000E+00
                                          3      2.577  4.714E-01  4.714E-01  0.000E+00
                                          1      3.870  0.000E+00  0.000E+00  0.000E+00
 39   3.990410   3.5 -1   0.00E+00  3 0         (7/2- TO 13/2-)  0                      
                                         32      0.430  3.438E-01  3.438E-01  0.000E+00
                                         19      1.229  6.562E-01  6.562E-01  0.000E+00
                                          1      3.990  0.000E+00  0.000E+00  0.000E+00
 40   3.996488   2.5  1   0.00E+00 10 0                    5/2+  0                      
                                         34      0.345  2.047E-02  2.047E-02  0.000E+00
                                         23      0.854  3.509E-02  3.509E-02  0.000E+00
                                         22      0.855  2.193E-02  2.193E-02  0.000E+00
                                         14      1.489  4.971E-02  4.971E-02  0.000E+00
                                          8      2.298  6.725E-02  6.725E-02  0.000E+00
                                          7      2.319  2.047E-01  2.047E-01  0.000E+00
                                          4      2.437  1.447E-01  1.447E-01  0.000E+00
                                          3      2.703  7.164E-02  7.164E-02  0.000E+00
                                          2      3.016  1.901E-02  1.901E-02  0.000E+00
                                          1      3.996  3.655E-01  3.655E-01  0.000E+00
 41   4.026900   2.5  1   0.00E+00  2 0                    5/2+  0                      
                                          4      2.467  1.000E+00  1.000E+00  0.000E+00
                                          1      4.027  0.000E+00  0.000E+00  0.000E+00
 42   4.146150   2.5 -1   0.00E+00  3 1             (5/2, 7/2)-  0                      
                                         36      0.371  5.467E-02  5.467E-02  0.000E+00
                                          3      2.852  9.453E-01  9.453E-01  0.000E+00
                                          1      4.146  0.000E+00  0.000E+00  0.000E+00
 43   4.164568   2.5  0   0.00E+00  5 0           (5/2 TO 9/2+)  0                      
                                         35      0.403  1.161E-02  1.161E-02  0.000E+00
                                         27      0.733  0.000E+00  0.000E+00  0.000E+00
                                         12      1.717  2.065E-02  2.065E-02  0.000E+00
                                          7      2.487  9.677E-01  9.677E-01  0.000E+00
                                          1      4.164  0.000E+00  0.000E+00  0.000E+00
 44   4.220609   2.5  0   0.00E+00  7 1             (5/2, 7/2+)  0                      
                                         41      0.194  2.364E-03  2.364E-03  0.000E+00
                                         33      0.608  7.092E-02  7.092E-02  0.000E+00
                                         32      0.660  1.970E-02  1.970E-02  0.000E+00
                                          8      2.523  8.747E-02  8.747E-02  0.000E+00
                                          7      2.543  1.655E-01  1.655E-01  0.000E+00
                                          3      2.927  4.571E-01  4.571E-01  0.000E+00
                                          1      4.220  1.970E-01  1.970E-01  0.000E+00
 45   4.228996   2.5 -1   0.00E+00  8 0                    5/2-  0                      
                                         38      0.358  7.386E-02  7.386E-02  0.000E+00
                                         37      0.402  0.000E+00  0.000E+00  0.000E+00
                                         26      0.988  3.200E-02  3.200E-02  0.000E+00
                                         25      0.993  1.773E-02  1.773E-02  0.000E+00
                                         14      1.721  2.511E-01  2.511E-01  0.000E+00
                                         10      2.062  9.847E-02  9.847E-02  0.000E+00
                                          3      2.935  4.727E-01  4.727E-01  0.000E+00
                                          1      4.229  5.416E-02  5.416E-02  0.000E+00
 46   4.244252   1.5 -1   0.00E+00  6 0                    3/2-  0                      
                                         34      0.593  7.253E-03  7.253E-03  0.000E+00
                                         23      1.102  6.800E-02  6.800E-02  0.000E+00
                                         16      1.650  7.253E-02  7.253E-02  0.000E+00
                                         10      2.078  1.269E-01  1.269E-01  0.000E+00
                                          3      2.951  7.253E-01  7.253E-01  0.000E+00
                                          1      4.244  0.000E+00  0.000E+00  0.000E+00
 47   4.260510   1.5 -1   0.00E+00  3 1              (3/2-,5/2)  0                      
                                         16      1.667  8.340E-02  8.340E-02  0.000E+00
                                          8      2.562  6.028E-01  6.028E-01  0.000E+00
                                          1      4.260  3.138E-01  3.138E-01  0.000E+00
 48   4.274957   3.5 -1   0.00E+00  5 1             (7/2-,9/2+)  0                      
                                         31      0.741  1.019E-02  1.019E-02  0.000E+00
                                         19      1.513  1.274E-01  1.274E-01  0.000E+00
                                          8      2.577  3.409E-02  3.409E-02  0.000E+00
                                          3      2.981  8.283E-01  8.283E-01  0.000E+00
                                          1      4.275  0.000E+00  0.000E+00  0.000E+00
 49   4.302988   2.5  1   0.00E+00  5 1              (5/2,7/2)+  0                      
                                         31      0.769  1.038E-01  1.038E-01  0.000E+00
                                         13      1.808  7.782E-02  7.782E-02  0.000E+00
                                         11      1.986  1.051E-01  1.051E-01  0.000E+00
                                          8      2.605  5.837E-01  5.837E-01  0.000E+00
                                          1      4.303  1.297E-01  1.297E-01  0.000E+00
 50   4.345678   2.5  0   0.00E+00  9 1              (5/2,7/2-)  0                      
                                         34      0.694  5.848E-02  5.848E-02  0.000E+00
                                         25      1.110  2.281E-01  2.281E-01  0.000E+00
                                         23      1.203  4.971E-02  4.971E-02  0.000E+00
                                          9      2.202  0.000E+00  0.000E+00  0.000E+00
                                          8      2.648  3.216E-02  3.216E-02  0.000E+00
                                          7      2.668  3.509E-01  3.509E-01  0.000E+00
                                          5      2.764  1.725E-01  1.725E-01  0.000E+00
                                          3      3.052  1.082E-01  1.082E-01  0.000E+00
                                          1      4.345  0.000E+00  0.000E+00  0.000E+00
 51   4.459729   1.5 -1   0.00E+00  5 0                    3/2-  0                      
                                         36      0.685  0.000E+00  0.000E+00  0.000E+00
                                         33      0.847  4.093E-02  4.093E-02  0.000E+00
                                          4      2.900  4.826E-01  4.826E-01  0.000E+00
                                          2      3.479  1.161E-01  1.161E-01  0.000E+00
                                          1      4.459  3.604E-01  3.604E-01  0.000E+00
 52   4.525365   1.5  0   0.00E+00  4 0           (3/2- TO 7/2)  0                      
                                         45      0.296  4.598E-02  4.598E-02  0.000E+00
                                         44      0.305  3.448E-02  3.448E-02  0.000E+00
                                          9      2.381  9.195E-01  9.195E-01  0.000E+00
                                          1      4.525  0.000E+00  0.000E+00  0.000E+00
 53   4.568744   4.5  1   0.00E+00  4 1             (9/2+,11/2)  0                      
                                         48      0.294  0.000E+00  0.000E+00  0.000E+00
                                         20      1.794  3.509E-01  3.509E-01  0.000E+00
                                         15      2.041  6.491E-01  6.491E-01  0.000E+00
                                          1      4.568  0.000E+00  0.000E+00  0.000E+00
 54   4.609470   2.5  1   0.00E+00  4 0          (5/2+ TO 9/2+)  0                      
                                         26      1.369  8.889E-02  8.889E-02  0.000E+00
                                         18      1.853  2.963E-01  2.963E-01  0.000E+00
                                         13      2.115  6.148E-01  6.148E-01  0.000E+00
                                          1      4.609  0.000E+00  0.000E+00  0.000E+00
 55   4.730689   1.5 -1   0.00E+00  3 0                    3/2-  0                      
                                         22      1.589  2.241E-01  2.241E-01  0.000E+00
                                          3      3.437  7.759E-01  7.759E-01  0.000E+00
                                          1      4.730  0.000E+00  0.000E+00  0.000E+00
 56   4.735880   2.5  1   0.00E+00  4 1              (5/2,7/2)+  0                      
                                         13      2.241  4.398E-01  4.398E-01  0.000E+00
                                         11      2.419  3.040E-01  3.040E-01  0.000E+00
                                          8      3.038  2.070E-01  2.070E-01  0.000E+00
                                          1      4.736  4.916E-02  4.916E-02  0.000E+00
 57   4.745440   2.5  1   0.00E+00  5 0                    5/2+  0                      
                                         13      2.250  1.123E-01  1.123E-01  0.000E+00
                                         11      2.429  1.230E-01  1.230E-01  0.000E+00
                                          7      3.068  1.979E-01  1.979E-01  0.000E+00
                                          5      3.163  3.316E-01  3.316E-01  0.000E+00
                                          1      4.745  2.353E-01  2.353E-01  0.000E+00
 58   4.749510   1.5 -1   0.00E+00  3 0          (3/2- TO 7/2+)  0                      
                                         36      0.975  5.729E-02  5.729E-02  0.000E+00
                                          3      3.456  5.729E-01  5.729E-01  0.000E+00
                                          1      4.749  3.698E-01  3.698E-01  0.000E+00
 59   4.823325   3.5  1   0.00E+00 10 1              (7/2,9/2)+  0                      
                                         48      0.548  2.522E-02  2.522E-02  0.000E+00
                                         18      2.067  4.106E-02  4.106E-02  0.000E+00
                                         15      2.296  1.173E-01  1.173E-01  0.000E+00
                                         14      2.315  2.991E-01  2.991E-01  0.000E+00
                                         13      2.328  9.384E-02  9.384E-02  0.000E+00
                                         12      2.375  4.868E-02  4.868E-02  0.000E+00
                                          8      3.125  2.874E-02  2.874E-02  0.000E+00
                                          7      3.146  2.581E-01  2.581E-01  0.000E+00
                                          3      3.530  8.798E-02  8.798E-02  0.000E+00
                                          1      4.823  0.000E+00  0.000E+00  0.000E+00
 60   4.862410   2.5  0   0.00E+00  3 0                     5/2  0                      
                                         16      2.268  2.600E-01  2.600E-01  0.000E+00
                                          7      3.185  3.600E-01  3.600E-01  0.000E+00
                                          1      4.862  3.800E-01  3.800E-01  0.000E+00
 61   4.927830   2.5  1   0.00E+00  8 0                    5/2+  0                      
                                         18      2.171  2.407E-01  2.407E-01  0.000E+00
                                         17      2.215  8.193E-02  8.193E-02  0.000E+00
                                         11      2.611  1.690E-01  1.690E-01  0.000E+00
                                          8      3.230  2.253E-01  2.253E-01  0.000E+00
                                          7      3.250  1.587E-01  1.587E-01  0.000E+00
                                          6      3.335  8.705E-02  8.705E-02  0.000E+00
                                          3      3.634  3.738E-02  3.738E-02  0.000E+00
                                          1      4.928  0.000E+00  0.000E+00  0.000E+00
 62   4.948930   1.5 -1   0.00E+00  4 0          (3/2- TO 7/2-)  0                      
                                         54      0.339  1.384E-02  1.384E-02  0.000E+00
                                          5      3.367  5.882E-01  5.882E-01  0.000E+00
                                          3      3.655  3.979E-01  3.979E-01  0.000E+00
                                          1      4.949  0.000E+00  0.000E+00  0.000E+00
 63   4.983000   9.5 -1   7.50E-11  1 0                   19/2-  0                      
                                          1      4.983  0.000E+00  0.000E+00  0.000E+00
 64   5.021250   1.5 -1   0.00E+00  2 1             (3/2-,5/2+)  0                      
                                          2      4.041  2.857E-01  2.857E-01  0.000E+00
                                          1      5.021  7.143E-01  7.143E-01  0.000E+00
 65   5.096270   1.5  1   0.00E+00  5 0          (3/2+ TO 9/2-)  0                      
                                         36      1.322  1.957E-01  1.957E-01  0.000E+00
                                         17      2.384  3.913E-01  3.913E-01  0.000E+00
                                         14      2.588  4.130E-01  4.130E-01  0.000E+00
                                         12      2.648  0.000E+00  0.000E+00  0.000E+00
                                          1      5.096  0.000E+00  0.000E+00  0.000E+00
 66   5.185251   2.5  0   0.00E+00  7 1              (5/2,7/2-)  0                      
                                         59      0.362  1.639E-02  1.639E-02  0.000E+00
                                         55      0.455  3.279E-02  3.279E-02  0.000E+00
                                         52      0.660  0.000E+00  0.000E+00  0.000E+00
                                         32      1.625  1.788E-01  1.788E-01  0.000E+00
                                         27      1.753  1.311E-01  1.311E-01  0.000E+00
                                         14      2.677  6.408E-01  6.408E-01  0.000E+00
                                          1      5.185  0.000E+00  0.000E+00  0.000E+00
 67   5.298852   1.5 -1   0.00E+00  8 0          (3/2- TO 7/2-)  0                      
                                         55      0.568  1.229E-01  1.229E-01  0.000E+00
                                         52      0.773  1.351E-01  1.351E-01  0.000E+00
                                         29      1.809  0.000E+00  0.000E+00  0.000E+00
                                         27      1.867  8.477E-02  8.477E-02  0.000E+00
                                         12      2.851  3.563E-01  3.563E-01  0.000E+00
                                          9      3.155  1.843E-01  1.843E-01  0.000E+00
                                          5      3.717  1.167E-01  1.167E-01  0.000E+00
                                          1      5.298  0.000E+00  0.000E+00  0.000E+00
 68   5.496570  -1.0  0   0.00E+00  7 0                          0                      
                                         54      0.887  4.403E-02  4.403E-02  0.000E+00
                                         40      1.500  1.572E-01  1.572E-01  0.000E+00
                                         17      2.784  1.635E-01  1.635E-01  0.000E+00
                                         15      2.969  1.384E-01  1.384E-01  0.000E+00
                                         13      3.002  8.176E-02  8.176E-02  0.000E+00
                                         11      3.180  4.151E-01  4.151E-01  0.000E+00
                                          1      5.496  0.000E+00  0.000E+00  0.000E+00
 69   5.548190  -1.0  0   0.00E+00  5 0                          0                      
                                         61      0.620  9.509E-03  9.509E-03  0.000E+00
                                         39      1.558  1.664E-01  1.664E-01  0.000E+00
                                         23      2.406  9.509E-02  9.509E-02  0.000E+00
                                          7      3.871  2.853E-01  2.853E-01  0.000E+00
                                          1      5.548  4.437E-01  4.437E-01  0.000E+00
 70   5.557380  -1.0  0   0.00E+00  5 0                          0                      
                                         67      0.259  4.190E-02  4.190E-02  0.000E+00
                                         41      1.530  1.592E-01  1.592E-01  0.000E+00
                                         16      2.963  2.402E-01  2.402E-01  0.000E+00
                                          2      4.577  5.587E-01  5.587E-01  0.000E+00
                                          1      5.557  0.000E+00  0.000E+00  0.000E+00
 71   5.575220  -1.0  0   0.00E+00  3 0                          0                      
                                         60      0.713  5.199E-02  5.199E-02  0.000E+00
                                         17      2.863  6.728E-01  6.728E-01  0.000E+00
                                          1      5.575  2.752E-01  2.752E-01  0.000E+00
 72   5.604560  -1.0  0   0.00E+00  5 0                          0                      
                                         66      0.419  1.458E-02  1.458E-02  0.000E+00
                                         62      0.656  2.292E-02  2.292E-02  0.000E+00
                                         60      0.742  2.083E-01  2.083E-01  0.000E+00
                                         34      1.953  2.125E-01  2.125E-01  0.000E+00
                                          1      5.604  5.417E-01  5.417E-01  0.000E+00
 73   5.610830  -1.0  0   0.00E+00  2 0                          0                      
                                         55      0.880  4.805E-01  4.805E-01  0.000E+00
                                          1      5.610  5.195E-01  5.195E-01  0.000E+00
 74   5.655650  -1.0  0   0.00E+00  5 0                          0                      
                                         26      2.415  2.840E-01  2.840E-01  0.000E+00
                                         22      2.514  1.479E-01  1.479E-01  0.000E+00
                                         10      3.489  4.852E-01  4.852E-01  0.000E+00
                                          6      4.062  8.284E-02  8.284E-02  0.000E+00
                                          1      5.655  0.000E+00  0.000E+00  0.000E+00
 75   5.659250  -1.0  0   0.00E+00  3 0                          0                      
                                         49      1.356  1.291E-01  1.291E-01  0.000E+00
                                          4      4.099  2.127E-01  2.127E-01  0.000E+00
                                          1      5.659  6.582E-01  6.582E-01  0.000E+00
 76   5.800820  -1.0  0   0.00E+00  6 0                          0                      
                                         58      1.051  7.240E-02  7.240E-02  0.000E+00
                                         56      1.065  3.281E-01  3.281E-01  0.000E+00
                                         36      2.026  1.018E-01  1.018E-01  0.000E+00
                                         14      3.293  3.054E-01  3.054E-01  0.000E+00
                                          2      4.820  1.923E-01  1.923E-01  0.000E+00
                                          1      5.800  0.000E+00  0.000E+00  0.000E+00
 77   5.826660  -1.0  0   0.00E+00  6 0                          0                      
                                         56      1.091  1.263E-01  1.263E-01  0.000E+00
                                         44      1.606  2.000E-01  2.000E-01  0.000E+00
                                         30      2.305  1.474E-01  1.474E-01  0.000E+00
                                         25      2.591  1.368E-01  1.368E-01  0.000E+00
                                          3      4.533  3.895E-01  3.895E-01  0.000E+00
                                          1      5.826  0.000E+00  0.000E+00  0.000E+00
 78   5.886970  -1.0  0   0.00E+00  5 0                          0                      
                                         55      1.156  2.090E-01  2.090E-01  0.000E+00
                                         37      2.060  1.791E-01  1.791E-01  0.000E+00
                                         18      3.130  3.881E-01  3.881E-01  0.000E+00
                                          2      4.906  2.239E-01  2.239E-01  0.000E+00
                                          1      5.887  0.000E+00  0.000E+00  0.000E+00
 79   5.912510  -1.0  0   0.00E+00  8 0                          0                      
                                         64      0.891  5.130E-02  5.130E-02  0.000E+00
                                         43      1.748  6.206E-02  6.206E-02  0.000E+00
                                         26      2.672  1.457E-01  1.457E-01  0.000E+00
                                         20      3.138  1.583E-01  1.583E-01  0.000E+00
                                         19      3.151  1.393E-01  1.393E-01  0.000E+00
                                         14      3.404  2.850E-01  2.850E-01  0.000E+00
                                         13      3.417  1.583E-01  1.583E-01  0.000E+00
                                          1      5.912  0.000E+00  0.000E+00  0.000E+00
 80   5.952420  -1.0  0   0.00E+00  3 0                          0                      
                                         23      2.810  2.308E-01  2.308E-01  0.000E+00
                                         19      3.191  7.692E-01  7.692E-01  0.000E+00
                                          1      5.952  0.000E+00  0.000E+00  0.000E+00
 81   5.968890  -1.0  0   0.00E+00  4 0                          0                      
                                         43      1.804  9.348E-02  9.348E-02  0.000E+00
                                         20      3.195  3.399E-01  3.399E-01  0.000E+00
                                         19      3.207  5.666E-01  5.666E-01  0.000E+00
                                          1      5.968  0.000E+00  0.000E+00  0.000E+00
 82   6.040660  -1.0  0   0.00E+00  6 0                          0                      
                                         35      2.279  5.897E-02  5.897E-02  0.000E+00
                                         25      2.805  3.639E-01  3.639E-01  0.000E+00
                                         24      2.827  1.757E-01  1.757E-01  0.000E+00
                                         18      3.284  2.509E-01  2.509E-01  0.000E+00
                                         11      3.724  1.506E-01  1.506E-01  0.000E+00
                                          1      6.040  0.000E+00  0.000E+00  0.000E+00
 83   6.070740  -1.0  0   0.00E+00  5 0                          0                      
                                         59      1.247  4.380E-01  4.380E-01  0.000E+00
                                         33      2.458  1.642E-01  1.642E-01  0.000E+00
                                          8      4.372  1.971E-01  1.971E-01  0.000E+00
                                          3      4.777  2.007E-01  2.007E-01  0.000E+00
                                          1      6.070  0.000E+00  0.000E+00  0.000E+00
 84   6.078560  -1.0  0   0.00E+00  6 0                          0                      
                                         75      0.419  0.000E+00  0.000E+00  0.000E+00
                                         44      1.858  4.328E-01  4.328E-01  0.000E+00
                                         26      2.838  2.733E-01  2.733E-01  0.000E+00
                                          8      4.380  1.412E-01  1.412E-01  0.000E+00
                                          5      4.496  1.526E-01  1.526E-01  0.000E+00
                                          1      6.078  0.000E+00  0.000E+00  0.000E+00
 85   6.185960  -1.0  0   0.00E+00  6 0                          0                      
                                         67      0.887  0.000E+00  0.000E+00  0.000E+00
                                         41      2.159  3.313E-01  3.313E-01  0.000E+00
                                         26      2.945  2.025E-01  2.025E-01  0.000E+00
                                         23      3.043  3.804E-01  3.804E-01  0.000E+00
                                          7      4.508  8.589E-02  8.589E-02  0.000E+00
                                          1      6.185  0.000E+00  0.000E+00  0.000E+00
 86   6.211520  -1.0  0   0.00E+00  4 0                          0                      
                                         15      3.684  9.211E-01  9.211E-01  0.000E+00
                                         13      3.716  0.000E+00  0.000E+00  0.000E+00
                                         11      3.895  7.895E-02  7.895E-02  0.000E+00
                                          1      6.211  0.000E+00  0.000E+00  0.000E+00
 87   6.229860  -1.0  0   0.00E+00  4 0                          0                      
                                         51      1.770  1.463E-01  1.463E-01  0.000E+00
                                         42      2.084  6.707E-01  6.707E-01  0.000E+00
                                         23      3.087  1.829E-01  1.829E-01  0.000E+00
                                          1      6.229  0.000E+00  0.000E+00  0.000E+00
 88   6.255990  -1.0  0   0.00E+00  5 0                          0                      
                                         73      0.645  2.479E-02  2.479E-02  0.000E+00
                                         46      2.012  3.636E-01  3.636E-01  0.000E+00
                                         14      3.748  1.653E-01  1.653E-01  0.000E+00
                                          5      4.674  4.463E-01  4.463E-01  0.000E+00
                                          1      6.255  0.000E+00  0.000E+00  0.000E+00
 89   6.290040  -1.0  0   0.00E+00  5 0                          0                      
                                         46      2.046  2.051E-01  2.051E-01  0.000E+00
                                          6      4.697  3.378E-01  3.378E-01  0.000E+00
                                          5      4.708  6.755E-02  6.755E-02  0.000E+00
                                          2      5.309  6.393E-02  6.393E-02  0.000E+00
                                          1      6.290  3.257E-01  3.257E-01  0.000E+00
 90   6.394260  -1.0  0   0.00E+00  6 0                          0                      
                                         37      2.567  1.794E-01  1.794E-01  0.000E+00
                                         36      2.619  3.925E-01  3.925E-01  0.000E+00
                                         32      2.834  2.617E-01  2.617E-01  0.000E+00
                                         10      4.227  1.664E-01  1.664E-01  0.000E+00
                                          8      4.696  0.000E+00  0.000E+00  0.000E+00
                                          1      6.394  0.000E+00  0.000E+00  0.000E+00
 91   6.434510  -1.0  0   0.00E+00  4 0                          0                      
                                         50      2.089  1.083E-01  1.083E-01  0.000E+00
                                         21      3.386  4.841E-01  4.841E-01  0.000E+00
                                         11      4.118  4.076E-01  4.076E-01  0.000E+00
                                          1      6.434  0.000E+00  0.000E+00  0.000E+00
 92   6.450150  -1.0  0   0.00E+00  4 0                          0                      
                                         77      0.623  8.612E-02  8.612E-02  0.000E+00
                                         54      1.841  1.951E-01  1.951E-01  0.000E+00
                                         35      2.689  5.975E-01  5.975E-01  0.000E+00
                                          1      6.450  1.213E-01  1.213E-01  0.000E+00
 93   6.497030  -1.0  0   0.00E+00  2 0                          0                      
                                          3      5.203  1.000E+00  1.000E+00  0.000E+00
                                          1      6.496  0.000E+00  0.000E+00  0.000E+00
 94   6.528110  -1.0  0   0.00E+00  4 0                          0                      
                                         40      2.532  1.947E-01  1.947E-01  0.000E+00
                                         34      2.877  5.310E-02  5.310E-02  0.000E+00
                                         17      3.815  7.522E-01  7.522E-01  0.000E+00
                                          1      6.528  0.000E+00  0.000E+00  0.000E+00
 95   6.769780  -1.0  0   0.00E+00  5 0                          0                      
                                         67      1.471  3.005E-01  3.005E-01  0.000E+00
                                         22      3.628  3.506E-01  3.506E-01  0.000E+00
                                         16      4.176  1.486E-01  1.486E-01  0.000E+00
                                          3      5.476  2.003E-01  2.003E-01  0.000E+00
                                          1      6.769  0.000E+00  0.000E+00  0.000E+00
 96   6.782540  -1.0  0   0.00E+00  5 0                          0                      
                                         68      1.286  5.105E-01  5.105E-01  0.000E+00
                                         47      2.522  0.000E+00  0.000E+00  0.000E+00
                                         26      3.542  3.003E-01  3.003E-01  0.000E+00
                                         11      4.466  1.892E-01  1.892E-01  0.000E+00
                                          1      6.782  0.000E+00  0.000E+00  0.000E+00
 97   6.791360  -1.0  0   0.00E+00  7 0                          0                      
                                         84      0.713  0.000E+00  0.000E+00  0.000E+00
                                         78      0.904  0.000E+00  0.000E+00  0.000E+00
                                         66      1.606  0.000E+00  0.000E+00  0.000E+00
                                         64      1.770  0.000E+00  0.000E+00  0.000E+00
                                         11      4.474  1.758E-01  1.758E-01  0.000E+00
                                          7      5.114  8.242E-01  8.242E-01  0.000E+00
                                          1      6.791  0.000E+00  0.000E+00  0.000E+00
 98   6.835480  -1.0  0   0.00E+00  9 0                          0                      
                                         93      0.338  3.643E-03  3.643E-03  0.000E+00
                                         66      1.650  0.000E+00  0.000E+00  0.000E+00
                                         65      1.739  2.459E-01  2.459E-01  0.000E+00
                                         48      2.560  1.730E-01  1.730E-01  0.000E+00
                                         23      3.693  1.093E-01  1.093E-01  0.000E+00
                                         10      4.668  9.016E-02  9.016E-02  0.000E+00
                                          7      5.158  7.741E-02  7.741E-02  0.000E+00
                                          3      5.541  3.005E-01  3.005E-01  0.000E+00
                                          1      6.835  0.000E+00  0.000E+00  0.000E+00
 99   6.995540  -1.0  0   0.00E+00  5 0                          0                      
                                         49      2.692  3.236E-01  3.236E-01  0.000E+00
                                         41      2.969  3.560E-01  3.560E-01  0.000E+00
                                         18      4.239  2.751E-01  2.751E-01  0.000E+00
                                          7      5.318  4.531E-02  4.531E-02  0.000E+00
                                          1      6.995  0.000E+00  0.000E+00  0.000E+00
100   7.020940  -1.0  0   0.00E+00  5 0                          0                      
                                         94      0.493  4.815E-03  4.815E-03  0.000E+00
                                         40      3.024  1.659E-01  1.659E-01  0.000E+00
                                         25      3.785  4.280E-01  4.280E-01  0.000E+00
                                          3      5.727  4.013E-01  4.013E-01  0.000E+00
                                          1      7.020  0.000E+00  0.000E+00  0.000E+00
101   7.035320  -1.0  0   0.00E+00  7 0                          0                      
                                         59      2.212  1.879E-01  1.879E-01  0.000E+00
                                         33      3.422  1.357E-01  1.357E-01  0.000E+00
                                         17      4.323  1.253E-01  1.253E-01  0.000E+00
                                          9      4.891  1.023E-01  1.023E-01  0.000E+00
                                          7      5.358  4.489E-01  4.489E-01  0.000E+00
                                          4      5.475  0.000E+00  0.000E+00  0.000E+00
                                          1      7.035  0.000E+00  0.000E+00  0.000E+00
102   7.361190  -1.0  0   0.00E+00  7 0                          0                      
                                         77      1.535  4.138E-02  4.138E-02  0.000E+00
                                         61      2.433  4.000E-01  4.000E-01  0.000E+00
                                         57      2.616  2.759E-01  2.759E-01  0.000E+00
                                         33      3.748  0.000E+00  0.000E+00  0.000E+00
                                         17      4.648  1.448E-01  1.448E-01  0.000E+00
                                          5      5.779  1.379E-01  1.379E-01  0.000E+00
                                          1      7.360  0.000E+00  0.000E+00  0.000E+00
103   7.593050  -1.0  0   0.00E+00  4 0                          0                      
                                         94      1.065  0.000E+00  0.000E+00  0.000E+00
                                         48      3.318  9.199E-01  9.199E-01  0.000E+00
                                         17      4.880  8.012E-02  8.012E-02  0.000E+00
                                          1      7.592  0.000E+00  0.000E+00  0.000E+00
104   7.654940  -1.0  0   0.00E+00  8 0                          0                      
                                         69      2.107  7.080E-02  7.080E-02  0.000E+00
                                         67      2.356  5.689E-02  5.689E-02  0.000E+00
                                         61      2.727  1.075E-01  1.075E-01  0.000E+00
                                         56      2.919  1.580E-01  1.580E-01  0.000E+00
                                         48      3.380  1.896E-01  1.896E-01  0.000E+00
                                         46      3.411  1.833E-01  1.833E-01  0.000E+00
                                          9      5.511  2.339E-01  2.339E-01  0.000E+00
                                          1      7.654  0.000E+00  0.000E+00  0.000E+00
105   7.939010  -1.0  0   0.00E+00  7 0                          0                      
                                         86      1.727  1.600E-01  1.600E-01  0.000E+00
                                         83      1.868  0.000E+00  0.000E+00  0.000E+00
                                         80      1.987  0.000E+00  0.000E+00  0.000E+00
                                         42      3.793  2.667E-01  2.667E-01  0.000E+00
                                         17      5.226  1.600E-01  1.600E-01  0.000E+00
                                          3      6.645  4.133E-01  4.133E-01  0.000E+00
                                          1      7.938  0.000E+00  0.000E+00  0.000E+00
106   8.190220  -1.0  0   0.00E+00  6 0                          0                      
                                         74      2.534  3.107E-01  3.107E-01  0.000E+00
                                         46      3.946  2.718E-01  2.718E-01  0.000E+00
                                         35      4.428  1.262E-01  1.262E-01  0.000E+00
                                         30      4.669  0.000E+00  0.000E+00  0.000E+00
                                         28      4.702  2.913E-01  2.913E-01  0.000E+00
                                          1      8.189  0.000E+00  0.000E+00  0.000E+00
107   8.200120  -1.0  0   0.00E+00  9 0                          0                      
                                         89      1.910  2.167E-01  2.167E-01  0.000E+00
                                         84      2.122  8.127E-02  8.127E-02  0.000E+00
                                         51      3.740  1.935E-01  1.935E-01  0.000E+00
                                         47      3.939  1.935E-01  1.935E-01  0.000E+00
                                         37      4.373  0.000E+00  0.000E+00  0.000E+00
                                         32      4.639  6.734E-02  6.734E-02  0.000E+00
                                         21      5.152  2.245E-01  2.245E-01  0.000E+00
                                          7      6.522  2.322E-02  2.322E-02  0.000E+00
                                          1      8.199  0.000E+00  0.000E+00  0.000E+00
108   9.740712  -1.0  0   0.00E+00  4 0                          0                      
                                         27      6.308  4.804E-01  4.804E-01  0.000E+00
                                         17      7.027  4.314E-01  4.314E-01  0.000E+00
                                          3      8.446  8.824E-02  8.824E-02  0.000E+00
                                          1      9.739  0.000E+00  0.000E+00  0.000E+00
109  10.095255   3.5 -1   0.00E+00 95 1               7/2-,9/2-  0                      
                                        108      0.355  1.237E-03  1.237E-03  0.000E+00
                                        107      1.895  1.248E-02  1.248E-02  0.000E+00
                                        106      1.905  3.599E-03  3.599E-03  0.000E+00
                                        105      2.156  1.462E-02  1.462E-02  0.000E+00
                                        104      2.440  9.673E-03  9.673E-03  0.000E+00
                                        103      2.502  8.211E-03  8.211E-03  0.000E+00
                                        102      2.734  6.299E-03  6.299E-03  0.000E+00
                                        101      3.060  9.898E-03  9.898E-03  0.000E+00
                                        100      3.074  1.305E-02  1.305E-02  0.000E+00
                                         99      3.100  1.575E-02  1.575E-02  0.000E+00
                                         98      3.260  1.215E-02  1.215E-02  0.000E+00
                                         97      3.304  4.274E-03  4.274E-03  0.000E+00
                                         96      3.313  5.736E-03  5.736E-03  0.000E+00
                                         95      3.325  5.624E-03  5.624E-03  0.000E+00
                                         94      3.567  5.174E-03  5.174E-03  0.000E+00
                                         93      3.598  2.587E-03  2.587E-03  0.000E+00
                                         92      3.645  2.587E-03  2.587E-03  0.000E+00
                                         91      3.661  7.198E-03  7.198E-03  0.000E+00
                                         90      3.701  5.961E-03  5.961E-03  0.000E+00
                                         89      3.805  7.761E-03  7.761E-03  0.000E+00
                                         88      3.839  6.524E-03  6.524E-03  0.000E+00
                                         87      3.865  3.712E-03  3.712E-03  0.000E+00
                                         86      3.884  1.170E-02  1.170E-02  0.000E+00
                                         85      3.909  1.800E-02  1.800E-02  0.000E+00
                                         84      4.016  4.724E-03  4.724E-03  0.000E+00
                                         83      4.024  4.836E-03  4.836E-03  0.000E+00
                                         82      4.054  8.436E-03  8.436E-03  0.000E+00
                                         81      4.126  4.387E-03  4.387E-03  0.000E+00
                                         80      4.143  6.861E-03  6.861E-03  0.000E+00
                                         79      4.183  9.673E-03  9.673E-03  0.000E+00
                                         78      4.208  8.323E-03  8.323E-03  0.000E+00
                                         77      4.268  8.211E-03  8.211E-03  0.000E+00
                                         76      4.294  6.186E-03  6.186E-03  0.000E+00
                                         75      4.436  6.074E-03  6.074E-03  0.000E+00
                                         74      4.439  1.361E-02  1.361E-02  0.000E+00
                                         73      4.484  3.712E-03  3.712E-03  0.000E+00
                                         72      4.490  4.387E-03  4.387E-03  0.000E+00
                                         71      4.520  5.286E-03  5.286E-03  0.000E+00
                                         70      4.538  2.924E-03  2.924E-03  0.000E+00
                                         69      4.547  1.293E-02  1.293E-02  0.000E+00
                                         68      4.598  9.898E-03  9.898E-03  0.000E+00
                                         67      4.796  9.111E-03  9.111E-03  0.000E+00
                                         66      4.910  7.086E-03  7.086E-03  0.000E+00
                                         65      4.999  6.749E-03  6.749E-03  0.000E+00
                                         64      5.074  1.080E-03  1.080E-03  0.000E+00
                                         62      5.146  4.162E-03  4.162E-03  0.000E+00
                                         61      5.167  9.111E-03  9.111E-03  0.000E+00
                                         60      5.232  2.474E-03  2.474E-03  0.000E+00
                                         59      5.272  2.137E-02  2.137E-02  0.000E+00
                                         58      5.345  1.282E-02  1.282E-02  0.000E+00
                                         57      5.349  1.800E-02  1.800E-02  0.000E+00
                                         56      5.359  5.961E-03  5.961E-03  0.000E+00
                                         55      5.364  6.749E-03  6.749E-03  0.000E+00
                                         54      5.485  1.800E-02  1.800E-02  0.000E+00
                                         53      5.526  4.162E-03  4.162E-03  0.000E+00
                                         52      5.569  1.687E-03  1.687E-03  0.000E+00
                                         51      5.635  1.687E-02  1.687E-02  0.000E+00
                                         50      5.749  4.612E-02  4.612E-02  0.000E+00
                                         49      5.792  6.186E-03  6.186E-03  0.000E+00
                                         48      5.820  2.474E-02  2.474E-02  0.000E+00
                                         47      5.834  1.181E-02  1.181E-02  0.000E+00
                                         46      5.851  1.575E-02  1.575E-02  0.000E+00
                                         45      5.866  1.687E-02  1.687E-02  0.000E+00
                                         44      5.874  7.311E-03  7.311E-03  0.000E+00
                                         43      5.930  1.395E-02  1.395E-02  0.000E+00
                                         42      5.949  7.311E-03  7.311E-03  0.000E+00
                                         41      6.068  1.912E-03  1.912E-03  0.000E+00
                                         40      6.098  6.074E-02  6.074E-02  0.000E+00
                                         39      6.104  4.274E-03  4.274E-03  0.000E+00
                                         38      6.224  1.687E-03  1.687E-03  0.000E+00
                                         37      6.268  9.560E-03  9.560E-03  0.000E+00
                                         36      6.320  9.898E-03  9.898E-03  0.000E+00
                                         35      6.333  2.025E-02  2.025E-02  0.000E+00
                                         34      6.443  4.274E-03  4.274E-03  0.000E+00
                                         33      6.482  1.350E-03  1.350E-03  0.000E+00
                                         32      6.534  1.046E-03  1.046E-03  0.000E+00
                                         31      6.560  7.198E-03  7.198E-03  0.000E+00
                                         30      6.573  2.250E-03  2.250E-03  0.000E+00
                                         29      6.605  9.560E-04  9.560E-04  0.000E+00
                                         27      6.663  9.223E-03  9.223E-03  0.000E+00
                                         26      6.854  4.162E-03  4.162E-03  0.000E+00
                                         25      6.859  2.474E-03  2.474E-03  0.000E+00
                                         24      6.881  1.800E-02  1.800E-02  0.000E+00
                                         23      6.952  2.250E-02  2.250E-02  0.000E+00
                                         21      7.046  6.974E-04  6.974E-04  0.000E+00
                                         18      7.338  2.250E-02  2.250E-02  0.000E+00
                                         17      7.382  2.587E-02  2.587E-02  0.000E+00
                                         14      7.587  5.961E-03  5.961E-03  0.000E+00
                                         13      7.600  2.699E-03  2.699E-03  0.000E+00
                                         11      7.778  1.024E-01  1.024E-01  0.000E+00
                                          9      7.951  3.149E-02  3.149E-02  0.000E+00
                                          8      8.396  2.025E-03  2.025E-03  0.000E+00
                                          7      8.417  1.260E-03  1.260E-03  0.000E+00
                                          5      8.512  2.250E-03  2.250E-03  0.000E+00
                                          3      8.801  1.147E-02  1.147E-02  0.000E+00
