 56Mn   56   25   75  116   34    4    7.270442    9.090313
  1   0.000000   3.0  1  -1.00E+00  0 0                      3+  0                      
  2   0.026559   2.0  1   8.70E-09  1 0                      2+  0                      
                                          1      0.027  1.000E+00  1.000E+00  0.000E+00
  3   0.110464   1.0  1   5.08E-09  2 0                      1+  0                      
                                          2      0.084  9.973E-01  9.973E-01  0.000E+00
                                          1      0.110  2.726E-03  2.726E-03  0.000E+00
  4   0.212052   4.0  1   5.00E-10  1 0                      4+  0                      
                                          1      0.212  1.000E+00  1.000E+00  0.000E+00
  5   0.215099   1.0  1   0.00E+00  3 1                   1+,2+  0                      
                                          3      0.105  7.775E-01  7.775E-01  0.000E+00
                                          2      0.189  1.475E-01  1.475E-01  0.000E+00
                                          1      0.215  7.507E-02  7.507E-02  0.000E+00
  6   0.335549   5.0  1   0.00E+00  2 0                      5+  0                      
                                          4      0.123  2.939E-01  2.939E-01  0.000E+00
                                          1      0.336  7.061E-01  7.061E-01  0.000E+00
  7   0.340998   3.0  0   0.00E+00  3 0                       3  0                      
                                          4      0.129  7.804E-03  7.804E-03  0.000E+00
                                          2      0.314  9.339E-01  9.339E-01  0.000E+00
                                          1      0.341  5.833E-02  5.833E-02  0.000E+00
  8   0.454359   3.0  1   0.00E+00  3 0                      3+  0                      
                                          7      0.113  2.414E-02  2.414E-02  0.000E+00
                                          6      0.119  1.165E-01  1.165E-01  0.000E+00
                                          1      0.454  8.594E-01  8.594E-01  0.000E+00
  9   0.486286   3.0  0   0.00E+00  5 0                       3  0                      
                                          7      0.145  3.294E-03  3.294E-03  0.000E+00
                                          5      0.271  7.552E-01  7.552E-01  0.000E+00
                                          4      0.274  6.026E-02  6.026E-02  0.000E+00
                                          2      0.460  1.687E-01  1.687E-01  0.000E+00
                                          1      0.486  1.253E-02  1.253E-02  0.000E+00
 10   0.716272   4.0  1   0.00E+00  3 0                    (4)+  0                      
                                          9      0.230  5.188E-01  5.188E-01  0.000E+00
                                          7      0.375  3.333E-01  3.333E-01  0.000E+00
                                          1      0.716  1.478E-01  1.478E-01  0.000E+00
 11   0.840420   3.0  1   0.00E+00  3 0                    (3)+  0                      
                                          9      0.354  4.058E-01  4.058E-01  0.000E+00
                                          7      0.500  1.754E-01  1.754E-01  0.000E+00
                                          6      0.505  4.188E-01  4.188E-01  0.000E+00
 12   1.165820   1.0  1   0.00E+00  0 0                      1+  0                      
 13   1.239050   1.0  1   0.00E+00  0 1                1+,2+,3+  0                      
 14   1.293420   2.0  1   0.00E+00  0 0                    (2)+  0                      
 15   1.349720   2.0  1   0.00E+00  0 1                   2+,3+  0                      
 16   1.508900   2.0  1   0.00E+00  0 1                   2+,3+  0                      
 17   1.727540  -1.0  1   0.00E+00  0 0                       +  0                      
 18   1.743080   2.0  1   0.00E+00  0 0                      2+  0                      
 19   1.832860  -1.0  1   0.00E+00  0 0                       +  0                      
 20   1.866130   2.0  1   0.00E+00  0 0                    (2+)  0                      
 21   2.016460   2.0  1   0.00E+00  1 0                      2+  0                      
                                          1      2.016  1.000E+00  1.000E+00  0.000E+00
 22   2.071960   2.0  0   0.00E+00  2 1                     2,3  0                      
                                          2      2.044  8.635E-01  8.635E-01  0.000E+00
                                          2      2.046  1.365E-01  1.365E-01  0.000E+00
 23   2.089390   3.0 -1   0.00E+00  1 0                      3-  0                      
                                          2      2.063  1.000E+00  1.000E+00  0.000E+00
 24   2.158860  -1.0  0   0.00E+00  1 0                          0                      
                                          1      2.159  1.000E+00  1.000E+00  0.000E+00
 25   2.202470   1.0  0   0.00E+00  1 0                       1  0                      
                                          2      2.176  1.000E+00  1.000E+00  0.000E+00
 26   2.235440   2.0  1   0.00E+00  0 1                   2+,3+  0                      
 27   2.255820   3.0  1   0.00E+00  1 0                      3+  0                      
                                          1      2.255  1.000E+00  1.000E+00  0.000E+00
 28   2.300820  -1.0  1   0.00E+00  0 0                       +  0                      
 29   2.320890   2.0  0   0.00E+00  3 0                       2  0                      
                                          3      2.210  3.587E-01  3.587E-01  0.000E+00
                                          2      2.294  5.022E-01  5.022E-01  0.000E+00
                                          1      2.320  1.390E-01  1.390E-01  0.000E+00
 30   2.335780  -1.0  1   0.00E+00  0 0                       +  0                      
 31   2.362750   2.0  1   0.00E+00  0 1                   2+,3+  0                      
 32   2.395610   2.0  0   0.00E+00  1 1                     2,3  0                      
                                          1      2.395  1.000E+00  1.000E+00  0.000E+00
 33   2.441070  -1.0  0   0.00E+00  1 0                          0                      
                                          3      2.331  1.000E+00  1.000E+00  0.000E+00
 34   2.545390   2.0  0   0.00E+00  1 1                   2,(3)  0                      
                                          1      2.546  1.000E+00  1.000E+00  0.000E+00
 35   2.580970  -1.0  0   0.00E+00  0 0                          0                      
 36   2.626840  -1.0  0   0.00E+00  0 0                          0                      
 37   2.681940  -1.0  1   0.00E+00  0 0                       +  0                      
 38   2.703710   2.0  0   0.00E+00  1 1                     2,3  0                      
                                          2      2.677  1.000E+00  1.000E+00  0.000E+00
 39   2.720230   2.0  1   0.00E+00  0 1                 (2+,3+)  0                      
 40   2.824890   2.0  1   0.00E+00  0 1                   2+,3+  0                      
 41   2.873310   2.0 -1   0.00E+00  1 1                   2-,3-  0                      
                                          1      2.873  1.000E+00  1.000E+00  0.000E+00
 42   2.890070   1.0  1   0.00E+00  0 0                      1+  0                      
 43   2.922370  -1.0  1   0.00E+00  0 0                       +  0                      
 44   3.002720   2.0 -1   0.00E+00  1 1                   2-,3-  0                      
                                          1      3.003  1.000E+00  1.000E+00  0.000E+00
 45   3.018980  -1.0  1   0.00E+00  0 0                       +  0                      
 46   3.047170   1.0  1   0.00E+00  1 0                      1+  0                      
                                          1      3.047  1.000E+00  1.000E+00  0.000E+00
 47   3.071530  -1.0  1   0.00E+00  0 0                       +  0                      
 48   3.159790  -1.0  0   0.00E+00  1 0                          0                      
                                          1      3.159  1.000E+00  1.000E+00  0.000E+00
 49   3.166370  -1.0  0   0.00E+00  1 0                          0                      
                                          4      2.954  1.000E+00  1.000E+00  0.000E+00
 50   3.218400  -1.0 -1   0.00E+00  0 0                       -  0                      
 51   3.262280   2.0 -1   0.00E+00  1 1                   2-,3-  0                      
                                          7      2.921  1.000E+00  1.000E+00  0.000E+00
 52   3.291200  -1.0  0   0.00E+00  0 0                          0                      
 53   3.293700   2.0 -1   0.00E+00  1 1                   2-,3-  0                      
                                          2      3.267  1.000E+00  1.000E+00  0.000E+00
 54   3.317000  -1.0  0   0.00E+00  0 0                          0                      
 55   3.374700  -1.0  1   0.00E+00  0 0                       +  0                      
 56   3.399000  -1.0  0   0.00E+00  0 0                          0                      
 57   3.449970  -1.0  0   0.00E+00  0 0                          0                      
 58   3.456200   2.0 -1   0.00E+00  0 1                 (2-,3-)  0                      
 59   3.486760  -1.0 -1   0.00E+00  1 0                     (-)  0                      
                                          7      3.145  1.000E+00  1.000E+00  0.000E+00
 60   3.518640  -1.0  0   0.00E+00  0 0                          0                      
 61   3.628330   2.0  1   0.00E+00  0 1              (2+,3+,1+)  0                      
 62   3.690210   1.0  1   0.00E+00  0 0                    (1+)  0                      
 63   3.696940  -1.0  1   0.00E+00  0 0                       +  0                      
 64   3.721540   1.0  1   0.00E+00  0 1                1+,2+,3+  0                      
 65   3.771670   2.0  0   0.00E+00  0 1                   2,3,4  0                      
 66   3.861710   2.0 -1   0.00E+00  0 1                   2-,3-  0                      
 67   3.927900  -1.0  1   0.00E+00  1 0                     (+)  0                      
                                          1      3.928  1.000E+00  1.000E+00  0.000E+00
 68   3.999300  -1.0  0   0.00E+00  0 0                          0                      
 69   4.098230  -1.0  0   0.00E+00  0 0                          0                      
 70   4.415400  -1.0  1   0.00E+00  1 0                     (+)  0                      
                                          7      4.074  1.000E+00  1.000E+00  0.000E+00
 71   4.762210  -1.0  0   0.00E+00  0 0                          0                      
 72   4.800350  -1.0  1   0.00E+00  0 0                       +  0                      
 73   4.841090   2.0 -1   0.00E+00  1 1                   2-,3-  0                      
                                          1      4.841  1.000E+00  1.000E+00  0.000E+00
 74   5.604300  -1.0  0   0.00E+00  1 0                          0                      
                                          3      5.494  1.000E+00  1.000E+00  0.000E+00
 75   7.270440   2.0 -1   0.00E+00 64 1                   2-,3-  0                      
                                         73      2.429  2.122E-03  2.122E-03  0.000E+00
                                         72      2.470  7.339E-03  7.339E-03  0.000E+00
                                         71      2.508  2.299E-03  2.299E-03  0.000E+00
                                         69      3.172  1.945E-03  1.945E-03  0.000E+00
                                         68      3.271  2.122E-03  2.122E-03  0.000E+00
                                         66      3.409  2.679E-02  2.679E-02  0.000E+00
                                         65      3.499  2.830E-03  2.830E-03  0.000E+00
                                         64      3.548  1.326E-03  1.326E-03  0.000E+00
                                         63      3.573  1.150E-03  1.150E-03  0.000E+00
                                         62      3.580  2.653E-03  2.653E-03  0.000E+00
                                         61      3.641  5.394E-03  5.394E-03  0.000E+00
                                         60      3.752  4.775E-03  4.775E-03  0.000E+00
                                         59      3.783  2.476E-03  2.476E-03  0.000E+00
                                         58      3.814  7.781E-03  7.781E-03  0.000E+00
                                         57      3.820  3.714E-03  3.714E-03  0.000E+00
                                         56      3.871  1.769E-03  1.769E-03  0.000E+00
                                         55      3.895  1.592E-03  1.592E-03  0.000E+00
                                         54      3.953  7.958E-04  7.958E-04  0.000E+00
                                         52      3.979  3.449E-03  3.449E-03  0.000E+00
                                         50      4.052  1.680E-03  1.680E-03  0.000E+00
                                         49      4.103  2.387E-03  2.387E-03  0.000E+00
                                         48      4.110  3.006E-03  3.006E-03  0.000E+00
                                         47      4.198  1.503E-03  1.503E-03  0.000E+00
                                         46      4.223  5.836E-03  5.836E-03  0.000E+00
                                         45      4.251  1.680E-03  1.680E-03  0.000E+00
                                         44      4.268  6.897E-03  6.897E-03  0.000E+00
                                         43      4.348  3.006E-03  3.006E-03  0.000E+00
                                         42      4.380  6.455E-03  6.455E-03  0.000E+00
                                         40      4.445  6.809E-03  6.809E-03  0.000E+00
                                         39      4.550  4.952E-03  4.952E-03  0.000E+00
                                         38      4.567  1.742E-02  1.742E-02  0.000E+00
                                         37      4.588  4.687E-03  4.687E-03  0.000E+00
                                         36      4.643  6.455E-03  6.455E-03  0.000E+00
                                         35      4.689  1.061E-02  1.061E-02  0.000E+00
                                         34      4.725  2.485E-02  2.485E-02  0.000E+00
                                         32      4.875  6.101E-03  6.101E-03  0.000E+00
                                         31      4.907  6.190E-03  6.190E-03  0.000E+00
                                         30      4.934  4.863E-03  4.863E-03  0.000E+00
                                         29      4.949  2.423E-02  2.423E-02  0.000E+00
                                         28      4.969  3.802E-03  3.802E-03  0.000E+00
                                         27      5.014  6.517E-02  6.517E-02  0.000E+00
                                         26      5.035  9.550E-03  9.550E-03  0.000E+00
                                         25      5.068  2.343E-02  2.343E-02  0.000E+00
                                         24      5.111  4.421E-03  4.421E-03  0.000E+00
                                         23      5.181  3.643E-02  3.643E-02  0.000E+00
                                         22      5.199  8.400E-03  8.400E-03  0.000E+00
                                         21      5.254  1.167E-02  1.167E-02  0.000E+00
                                         20      5.404  4.421E-03  4.421E-03  0.000E+00
                                         19      5.438  7.693E-03  7.693E-03  0.000E+00
                                         18      5.527  6.968E-02  6.968E-02  0.000E+00
                                         17      5.542  1.857E-03  1.857E-03  0.000E+00
                                         16      5.761  1.769E-02  1.769E-02  0.000E+00
                                         15      5.920  9.373E-02  9.373E-02  0.000E+00
                                         14      5.977  2.564E-03  2.564E-03  0.000E+00
                                         13      6.031  5.924E-03  5.924E-03  0.000E+00
                                         12      6.104  1.883E-02  1.883E-02  0.000E+00
                                         11      6.430  7.781E-03  7.781E-03  0.000E+00
                                         10      6.553  2.653E-03  2.653E-03  0.000E+00
                                          9      6.784  3.342E-02  3.342E-02  0.000E+00
                                          7      6.929  2.193E-02  2.193E-02  0.000E+00
                                          4      7.058  1.079E-01  1.079E-01  0.000E+00
                                          3      7.160  5.686E-02  5.686E-02  0.000E+00
                                          2      7.244  1.203E-01  1.203E-01  0.000E+00
                                          1      7.270  3.201E-02  3.201E-02  0.000E+00
