 60Co   60   27  146  353  145   10    7.491918    8.274451
  1   0.000000   5.0  0  -1.00E+00  0 0                       5  0                      
  2   0.058483   2.0  0   6.28E+02  1 0                       2  0                      
                                          1      0.059  0.000E+00  0.000E+00  0.000E+00
  3   0.277161   4.0  0   0.00E+00  1 0                       4  0                      
                                          1      0.277  1.000E+00  1.000E+00  0.000E+00
  4   0.288363   3.0  0   0.00E+00  1 0                       3  0                      
                                          2      0.230  1.000E+00  1.000E+00  0.000E+00
  5   0.435678   5.0  0   0.00E+00  2 0                       5  0                      
                                          3      0.159  6.041E-01  6.041E-01  0.000E+00
                                          1      0.436  3.959E-01  3.959E-01  0.000E+00
  6   0.506200   3.0  0   0.00E+00  2 0                       3  0                      
                                          4      0.218  3.798E-03  3.798E-03  0.000E+00
                                          2      0.448  9.962E-01  9.962E-01  0.000E+00
  7   0.542742   2.0  0   0.00E+00  2 0                       2  0                      
                                          4      0.254  6.168E-01  6.168E-01  0.000E+00
                                          2      0.484  3.832E-01  3.832E-01  0.000E+00
  8   0.614458   3.0  0   0.00E+00  2 0                       3  0                      
                                          3      0.337  3.775E-02  3.775E-02  0.000E+00
                                          2      0.556  9.622E-01  9.622E-01  0.000E+00
  9   0.738640   1.0  0   0.00E+00  2 0                       1  0                      
                                          7      0.196  4.104E-01  4.104E-01  0.000E+00
                                          2      0.680  5.896E-01  5.896E-01  0.000E+00
 10   0.785634   4.0  0   0.00E+00  4 0                       4  0                      
                                          8      0.171  1.241E-02  1.241E-02  0.000E+00
                                          5      0.350  2.609E-02  2.609E-02  0.000E+00
                                          4      0.497  4.544E-01  4.544E-01  0.000E+00
                                          1      0.786  5.070E-01  5.070E-01  0.000E+00
 11   1.003805   3.0  0   0.00E+00  4 1                   (3,4)  0                      
                                          7      0.461  2.598E-01  2.598E-01  0.000E+00
                                          4      0.715  2.553E-02  2.553E-02  0.000E+00
                                          3      0.727  2.242E-01  2.242E-01  0.000E+00
                                          2      0.945  4.905E-01  4.905E-01  0.000E+00
 12   1.005677   4.0  0   0.00E+00  4 0                       4  0                      
                                         10      0.220  1.536E-02  1.536E-02  0.000E+00
                                          8      0.391  5.180E-01  5.180E-01  0.000E+00
                                          4      0.717  4.057E-01  4.057E-01  0.000E+00
                                          1      1.006  6.097E-02  6.097E-02  0.000E+00
 13   1.132600  -1.0  0   0.00E+00  1 0                          0                      
                                          9      0.394  1.000E+00  1.000E+00  0.000E+00
 14   1.150670   2.0  0   0.00E+00  1 1                   (2,3)  0                      
                                          4      0.862  1.000E+00  1.000E+00  0.000E+00
 15   1.207780   5.0  0   0.00E+00  2 0                       5  0                      
                                          3      0.931  6.689E-01  6.689E-01  0.000E+00
                                          1      1.208  3.311E-01  3.311E-01  0.000E+00
 16   1.216450   6.0  0   0.00E+00  1 0                     (6)  0                      
                                          1      1.216  1.000E+00  1.000E+00  0.000E+00
 17   1.216850   4.0  0   0.00E+00  2 0                       4  0                      
                                          6      0.711  9.375E-02  9.375E-02  0.000E+00
                                          4      0.928  9.063E-01  9.063E-01  0.000E+00
 18   1.341710   2.0  0   0.00E+00  3 1                     2,3  0                      
                                          7      0.799  3.670E-01  3.670E-01  0.000E+00
                                          2      1.283  5.933E-01  5.933E-01  0.000E+00
                                          1      1.342  3.976E-02  3.976E-02  0.000E+00
 19   1.379760   6.0  0   0.00E+00  3 0                     (6)  0                      
                                         15      0.172  1.628E-01  1.628E-01  0.000E+00
                                          5      0.944  8.372E-01  8.372E-01  0.000E+00
                                          1      1.380  0.000E+00  0.000E+00  0.000E+00
 20   1.380900   3.0  0   0.00E+00  1 0                       3  0                      
                                          3      1.104  1.000E+00  1.000E+00  0.000E+00
 21   1.451120   4.0  0   0.00E+00  2 0                       4  0                      
                                         10      0.665  4.347E-01  4.347E-01  0.000E+00
                                          7      0.908  5.653E-01  5.653E-01  0.000E+00
 22   1.508010   2.0  0   0.00E+00  1 1                     2,3  0                      
                                          6      1.002  1.000E+00  1.000E+00  0.000E+00
 23   1.515741   4.0  0   0.00E+00  3 0                       4  0                      
                                          8      0.901  1.709E-01  1.709E-01  0.000E+00
                                          3      1.239  1.186E-01  1.186E-01  0.000E+00
                                          1      1.516  7.105E-01  7.105E-01  0.000E+00
 24   1.565840   2.0  0   0.00E+00  3 0                       2  0                      
                                         18      0.224  1.425E-01  1.425E-01  0.000E+00
                                          4      1.277  2.352E-01  2.352E-01  0.000E+00
                                          2      1.507  6.223E-01  6.223E-01  0.000E+00
 25   1.639700   3.0  0   0.00E+00  2 1                 (3),4,5  0                      
                                         10      0.854  6.703E-01  6.703E-01  0.000E+00
                                          3      1.363  3.297E-01  3.297E-01  0.000E+00
 26   1.686060   1.0  0   0.00E+00  1 0                       1  0                      
                                          9      0.947  1.000E+00  1.000E+00  0.000E+00
 27   1.709550  -1.0  0   0.00E+00  1 0                          0                      
                                          2      1.651  1.000E+00  1.000E+00  0.000E+00
 28   1.749220   3.0  0   0.00E+00  4 0                       3  0                      
                                         10      0.964  2.838E-01  2.838E-01  0.000E+00
                                          7      1.206  1.070E-01  1.070E-01  0.000E+00
                                          3      1.472  2.897E-01  2.897E-01  0.000E+00
                                          2      1.691  3.195E-01  3.195E-01  0.000E+00
 29   1.787480   5.0  0   0.00E+00  2 0                       5  0                      
                                         12      0.782  6.460E-01  6.460E-01  0.000E+00
                                          1      1.787  3.540E-01  3.540E-01  0.000E+00
 30   1.799950  -1.0  0   0.00E+00  1 0                          0                      
                                          1      1.800  1.000E+00  1.000E+00  0.000E+00
 31   1.808850   2.0  0   0.00E+00  1 1                   2,3,4  0                      
                                          1      1.809  1.000E+00  1.000E+00  0.000E+00
 32   1.830830   4.0  0   0.00E+00  2 0                       4  0                      
                                          3      1.554  6.579E-02  6.579E-02  0.000E+00
                                          1      1.831  9.342E-01  9.342E-01  0.000E+00
 33   1.833160  -1.0  0   0.00E+00  1 0                          0                      
                                          2      1.775  1.000E+00  1.000E+00  0.000E+00
 34   1.852730   4.0  0   0.00E+00  1 0                       4  0                      
                                          1      1.853  1.000E+00  1.000E+00  0.000E+00
 35   1.877100   2.0  0   0.00E+00  2 0                       2  0                      
                                          8      1.263  1.713E-01  1.713E-01  0.000E+00
                                          2      1.819  8.287E-01  8.287E-01  0.000E+00
 36   1.888800   4.0  0   0.00E+00  4 0                       4  0                      
                                         12      0.883  1.429E-01  1.429E-01  0.000E+00
                                         11      0.885  2.971E-01  2.971E-01  0.000E+00
                                          8      1.274  3.905E-01  3.905E-01  0.000E+00
                                          1      1.889  1.695E-01  1.695E-01  0.000E+00
 37   1.924140  -1.0  0   0.00E+00  1 0                          0                      
                                          3      1.647  1.000E+00  1.000E+00  0.000E+00
 38   1.981220   4.0  0   0.00E+00  1 0                       4  0                      
                                          4      1.693  1.000E+00  1.000E+00  0.000E+00
 39   1.983760  -1.0  0   0.00E+00  1 0                          0                      
                                         31      0.175  1.000E+00  1.000E+00  0.000E+00
 40   2.032610   2.0  0   0.00E+00  1 1                     2,3  0                      
                                         15      0.825  1.000E+00  1.000E+00  0.000E+00
 41   2.045420  -1.0  0   0.00E+00  2 0                          0                      
                                         15      0.838  3.860E-01  3.860E-01  0.000E+00
                                          6      1.539  6.140E-01  6.140E-01  0.000E+00
 42   2.081030  -1.0  0   0.00E+00  1 0                          0                      
                                          2      2.023  1.000E+00  1.000E+00  0.000E+00
 43   2.121580   3.0  0   0.00E+00  2 1                     3,4  0                      
                                         11      1.118  8.217E-01  8.217E-01  0.000E+00
                                          1      2.122  1.783E-01  1.783E-01  0.000E+00
 44   2.133350   3.0  0   0.00E+00  2 1                     3,4  0                      
                                          4      1.845  4.742E-01  4.742E-01  0.000E+00
                                          2      2.075  5.258E-01  5.258E-01  0.000E+00
 45   2.152000  -1.0  0   0.00E+00  1 0                          0                      
                                         12      1.146  1.000E+00  1.000E+00  0.000E+00
 46   2.182990   2.0  0   0.00E+00  1 1                     2,3  0                      
                                         24      0.617  1.000E+00  1.000E+00  0.000E+00
 47   2.200550  -1.0  0   0.00E+00  1 0                          0                      
                                          1      2.200  0.000E+00  0.000E+00  0.000E+00
 48   2.221650   4.0  0   0.00E+00  2 0                       4  0                      
                                         12      1.216  6.658E-01  6.658E-01  0.000E+00
                                          1      2.222  3.342E-01  3.342E-01  0.000E+00
 49   2.230600  -1.0  0   0.00E+00  1 0                          0                      
                                          2      2.172  1.000E+00  1.000E+00  0.000E+00
 50   2.274710   3.0  0   0.00E+00  1 1                 3,4,(5)  0                      
                                          4      1.986  1.000E+00  1.000E+00  0.000E+00
 51   2.279820   3.0  0   0.00E+00  1 1                   3,4,5  0                      
                                          1      2.280  1.000E+00  1.000E+00  0.000E+00
 52   2.310030   3.0  0   0.00E+00  1 0                       3  0                      
                                          3      2.033  1.000E+00  1.000E+00  0.000E+00
 53   2.324300  -1.0  0   0.00E+00  1 0                          0                      
                                          2      2.266  1.000E+00  1.000E+00  0.000E+00
 54   2.341730  -1.0  0   0.00E+00  1 0                          0                      
                                         10      1.556  1.000E+00  1.000E+00  0.000E+00
 55   2.351750  -1.0  0   0.00E+00  2 0                          0                      
                                         17      1.135  1.758E-01  1.758E-01  0.000E+00
                                          7      1.809  8.242E-01  8.242E-01  0.000E+00
 56   2.363970  -1.0  0   0.00E+00  1 0                          0                      
                                          1      2.364  0.000E+00  0.000E+00  0.000E+00
 57   2.423130   4.0  0   0.00E+00  1 0                       4  0                      
                                         11      1.419  1.000E+00  1.000E+00  0.000E+00
 58   2.431340   3.0  0   0.00E+00  2 1                     3,4  0                      
                                         44      0.298  4.236E-01  4.236E-01  0.000E+00
                                          1      2.431  5.764E-01  5.764E-01  0.000E+00
 59   2.451050   3.0  0   0.00E+00  1 1                     3,4  0                      
                                         42      0.370  1.000E+00  1.000E+00  0.000E+00
 60   2.469690  -1.0  0   0.00E+00  1 0                          0                      
                                          1      2.470  1.000E+00  1.000E+00  0.000E+00
 61   2.488580   5.0  0   0.00E+00  4 0                       5  0                      
                                         17      1.272  2.744E-01  2.744E-01  0.000E+00
                                          6      1.982  2.140E-01  2.140E-01  0.000E+00
                                          3      2.211  1.860E-01  1.860E-01  0.000E+00
                                          1      2.489  3.256E-01  3.256E-01  0.000E+00
 62   2.528710  -1.0  0   0.00E+00  2 0                          0                      
                                         30      0.729  4.800E-01  4.800E-01  0.000E+00
                                          4      2.240  5.200E-01  5.200E-01  0.000E+00
 63   2.546000  -1.0  0   0.00E+00  1 0                          0                      
                                          1      2.546  0.000E+00  0.000E+00  0.000E+00
 64   2.560170  -1.0  0   0.00E+00  1 0                          0                      
                                          2      2.502  1.000E+00  1.000E+00  0.000E+00
 65   2.569980   4.0  0   0.00E+00  3 0                       4  0                      
                                          6      2.064  7.667E-02  7.667E-02  0.000E+00
                                          4      2.282  4.100E-01  4.100E-01  0.000E+00
                                          1      2.570  5.133E-01  5.133E-01  0.000E+00
 66   2.585660  -1.0  0   0.00E+00  3 0                          0                      
                                         55      0.234  1.969E-01  1.969E-01  0.000E+00
                                         23      1.070  2.283E-01  2.283E-01  0.000E+00
                                          2      2.527  5.748E-01  5.748E-01  0.000E+00
 67   2.598070   3.0  0   0.00E+00  1 0                       3  0                      
                                          4      2.310  1.000E+00  1.000E+00  0.000E+00
 68   2.607530  -1.0  0   0.00E+00  1 0                          0                      
                                          1      2.607  1.000E+00  1.000E+00  0.000E+00
 69   2.621780  -1.0  0   0.00E+00  1 0                          0                      
                                         40      0.589  1.000E+00  1.000E+00  0.000E+00
 70   2.655830  -1.0  0   0.00E+00  2 0                          0                      
                                         14      1.505  1.000E+00  1.000E+00  0.000E+00
                                          1      2.656  0.000E+00  0.000E+00  0.000E+00
 71   2.685600   3.0  0   0.00E+00  1 1                     3,4  0                      
                                          5      2.250  1.000E+00  1.000E+00  0.000E+00
 72   2.709890   2.0  0   0.00E+00  1 1                   2,3,4  0                      
                                          6      2.204  1.000E+00  1.000E+00  0.000E+00
 73   2.719060   1.0  0   0.00E+00  1 0                       1  0                      
                                          1      2.719  0.000E+00  0.000E+00  0.000E+00
 74   2.733900  -1.0  0   0.00E+00  1 0                          0                      
                                          1      2.734  0.000E+00  0.000E+00  0.000E+00
 75   2.760780  -1.0  0   0.00E+00  1 0                          0                      
                                          4      2.472  1.000E+00  1.000E+00  0.000E+00
 76   2.768360  -1.0  0   0.00E+00  2 0                          0                      
                                          6      2.262  5.467E-01  5.467E-01  0.000E+00
                                          1      2.768  4.533E-01  4.533E-01  0.000E+00
 77   2.771910  -1.0  0   0.00E+00  1 0                          0                      
                                         13      1.639  1.000E+00  1.000E+00  0.000E+00
 78   2.785740   3.0  0   0.00E+00  1 1                     3,4  0                      
                                          2      2.727  1.000E+00  1.000E+00  0.000E+00
 79   2.801500  -1.0  0   0.00E+00  1 0                          0                      
                                          1      2.801  1.000E+00  1.000E+00  0.000E+00
 80   2.809910  -1.0  0   0.00E+00  1 0                          0                      
                                          1      2.810  0.000E+00  0.000E+00  0.000E+00
 81   2.825700   3.0  0   0.00E+00  1 1                     3,4  0                      
                                          6      2.319  1.000E+00  1.000E+00  0.000E+00
 82   2.845030  -1.0  0   0.00E+00  2 0                          0                      
                                         26      1.159  3.855E-01  3.855E-01  0.000E+00
                                          6      2.339  6.145E-01  6.145E-01  0.000E+00
 83   2.867560  -1.0  0   0.00E+00  2 0                          0                      
                                          9      2.129  5.918E-01  5.918E-01  0.000E+00
                                          6      2.361  4.082E-01  4.082E-01  0.000E+00
 84   2.884860   3.0  0   0.00E+00  2 1                   (3,4)  0                      
                                         10      2.099  5.597E-01  5.597E-01  0.000E+00
                                          1      2.885  4.403E-01  4.403E-01  0.000E+00
 85   2.901550  -1.0  0   0.00E+00  1 0                          0                      
                                         43      0.780  1.000E+00  1.000E+00  0.000E+00
 86   2.920000  -1.0  0   0.00E+00  2 0                          0                      
                                          4      2.631  4.595E-01  4.595E-01  0.000E+00
                                          2      2.861  5.405E-01  5.405E-01  0.000E+00
 87   2.936340  -1.0  0   0.00E+00  1 0                          0                      
                                         27      1.227  1.000E+00  1.000E+00  0.000E+00
 88   2.944810  -1.0  0   0.00E+00  1 0                          0                      
                                         47      0.744  1.000E+00  1.000E+00  0.000E+00
 89   2.963510  -1.0  0   0.00E+00  1 0                          0                      
                                         58      0.532  1.000E+00  1.000E+00  0.000E+00
 90   2.996620  -1.0  0   0.00E+00  1 0                          0                      
                                          7      2.454  1.000E+00  1.000E+00  0.000E+00
 91   3.009880  -1.0  0   0.00E+00  2 0                          0                      
                                         33      1.177  1.000E+00  1.000E+00  0.000E+00
                                          1      3.010  0.000E+00  0.000E+00  0.000E+00
 92   3.022160   3.0  0   0.00E+00  2 1                     3,4  0                      
                                         25      1.382  6.526E-01  6.526E-01  0.000E+00
                                          3      2.745  3.474E-01  3.474E-01  0.000E+00
 93   3.047400  -1.0  0   0.00E+00  1 0                          0                      
                                          4      2.759  1.000E+00  1.000E+00  0.000E+00
 94   3.065600  -1.0  0   0.00E+00  2 0                          0                      
                                          5      2.630  5.126E-01  5.126E-01  0.000E+00
                                          2      3.007  4.874E-01  4.874E-01  0.000E+00
 95   3.077000  -1.0  0   0.00E+00  1 0                          0                      
                                          5      2.641  1.000E+00  1.000E+00  0.000E+00
 96   3.084660  -1.0  0   0.00E+00  1 0                          0                      
                                          1      3.085  1.000E+00  1.000E+00  0.000E+00
 97   3.096250  -1.0  0   0.00E+00  1 0                          0                      
                                          9      2.358  1.000E+00  1.000E+00  0.000E+00
 98   3.114580   3.0  0   0.00E+00  1 1                     3,4  0                      
                                          3      2.837  1.000E+00  1.000E+00  0.000E+00
 99   3.121420  -1.0  0   0.00E+00  2 0                          0                      
                                          4      2.833  3.780E-01  3.780E-01  0.000E+00
                                          1      3.121  6.220E-01  6.220E-01  0.000E+00
100   3.132250  -1.0  0   0.00E+00  1 0                          0                      
                                         10      2.347  1.000E+00  1.000E+00  0.000E+00
101   3.141470  -1.0  0   0.00E+00  1 0                          0                      
                                         17      1.925  1.000E+00  1.000E+00  0.000E+00
102   3.155200  -1.0  0   0.00E+00  3 0                          0                      
                                          4      2.867  3.361E-01  3.361E-01  0.000E+00
                                          2      3.097  5.000E-01  5.000E-01  0.000E+00
                                          1      3.155  1.639E-01  1.639E-01  0.000E+00
103   3.162880  -1.0  0   0.00E+00  1 0                          0                      
                                         64      0.603  1.000E+00  1.000E+00  0.000E+00
104   3.185600   3.0  0   0.00E+00  1 1                     3,4  0                      
                                          2      3.127  1.000E+00  1.000E+00  0.000E+00
105   3.191000  -1.0  0   0.00E+00  1 0                          0                      
                                         56      0.827  1.000E+00  1.000E+00  0.000E+00
106   3.203430  -1.0  0   0.00E+00  2 0                          0                      
                                         49      0.973  4.141E-01  4.141E-01  0.000E+00
                                          3      2.926  5.859E-01  5.859E-01  0.000E+00
107   3.216520  -1.0  0   0.00E+00  1 0                          0                      
                                          1      3.216  1.000E+00  1.000E+00  0.000E+00
108   3.238600  -1.0  0   0.00E+00  1 0                          0                      
                                          1      3.239  0.000E+00  0.000E+00  0.000E+00
109   3.279320  -1.0  0   0.00E+00  1 0                          0                      
                                         40      1.247  1.000E+00  1.000E+00  0.000E+00
110   3.283880   3.0  0   0.00E+00  3 1                     3,4  0                      
                                          6      2.778  9.174E-02  9.174E-02  0.000E+00
                                          4      2.995  4.450E-01  4.450E-01  0.000E+00
                                          1      3.284  4.633E-01  4.633E-01  0.000E+00
111   3.336250  -1.0  0   0.00E+00  2 0                          0                      
                                          5      2.901  6.786E-01  6.786E-01  0.000E+00
                                          4      3.048  3.214E-01  3.214E-01  0.000E+00
112   3.343150  -1.0  0   0.00E+00  1 0                          0                      
                                         10      2.557  1.000E+00  1.000E+00  0.000E+00
113   3.415790  -1.0  0   0.00E+00  1 0                          0                      
                                         42      1.335  1.000E+00  1.000E+00  0.000E+00
114   3.459870  -1.0  0   0.00E+00  1 0                          0                      
                                          2      3.401  1.000E+00  1.000E+00  0.000E+00
115   3.465640  -1.0  0   0.00E+00  1 0                          0                      
                                         29      1.678  1.000E+00  1.000E+00  0.000E+00
116   3.496990  -1.0  0   0.00E+00  1 0                          0                      
                                          1      3.497  0.000E+00  0.000E+00  0.000E+00
117   3.514990  -1.0  0   0.00E+00  2 0                          0                      
                                         71      0.829  7.089E-01  7.089E-01  0.000E+00
                                          1      3.515  2.911E-01  2.911E-01  0.000E+00
118   3.562060  -1.0  0   0.00E+00  2 0                          0                      
                                         60      1.092  5.000E-01  5.000E-01  0.000E+00
                                          2      3.503  5.000E-01  5.000E-01  0.000E+00
119   3.589010   3.0  0   0.00E+00  1 1                     3,4  0                      
                                         28      1.840  1.000E+00  1.000E+00  0.000E+00
120   3.594890  -1.0  0   0.00E+00  2 0                          0                      
                                         39      1.611  1.514E-01  1.514E-01  0.000E+00
                                         31      1.786  8.486E-01  8.486E-01  0.000E+00
121   3.651090  -1.0  0   0.00E+00  2 0                          0                      
                                         17      2.434  2.239E-01  2.239E-01  0.000E+00
                                         16      2.435  7.761E-01  7.761E-01  0.000E+00
122   3.696870  -1.0  0   0.00E+00  1 0                          0                      
                                         45      1.545  1.000E+00  1.000E+00  0.000E+00
123   3.742710  -1.0  0   0.00E+00  5 0                          0                      
                                         73      1.024  5.251E-01  5.251E-01  0.000E+00
                                         47      1.542  7.637E-02  7.637E-02  0.000E+00
                                         33      1.910  5.728E-02  5.728E-02  0.000E+00
                                         31      1.934  2.243E-01  2.243E-01  0.000E+00
                                          4      3.454  1.169E-01  1.169E-01  0.000E+00
124   3.797860  -1.0  0   0.00E+00  2 0                          0                      
                                         25      2.158  6.196E-01  6.196E-01  0.000E+00
                                          6      3.292  3.804E-01  3.804E-01  0.000E+00
125   3.827790  -1.0  0   0.00E+00  2 0                          0                      
                                         76      1.059  6.143E-01  6.143E-01  0.000E+00
                                          6      3.321  3.857E-01  3.857E-01  0.000E+00
126   3.872200   3.0  0   0.00E+00  1 1                     3,4  0                      
                                          7      3.329  1.000E+00  1.000E+00  0.000E+00
127   3.916400  -1.0  0   0.00E+00  2 0                          0                      
                                          6      3.410  6.038E-01  6.038E-01  0.000E+00
                                          3      3.639  3.962E-01  3.962E-01  0.000E+00
128   3.929600  -1.0  0   0.00E+00  1 0                          0                      
                                         15      2.722  1.000E+00  1.000E+00  0.000E+00
129   4.012010   3.0  0   0.00E+00  1 1                     3,4  0                      
                                         87      1.076  1.000E+00  1.000E+00  0.000E+00
130   4.100830  -1.0  0   0.00E+00  3 0                          0                      
                                        100      0.969  2.037E-01  2.037E-01  0.000E+00
                                          3      3.824  6.759E-01  6.759E-01  0.000E+00
                                          2      4.042  1.204E-01  1.204E-01  0.000E+00
131   4.111720  -1.0  0   0.00E+00  1 0                          0                      
                                          1      4.112  1.000E+00  1.000E+00  0.000E+00
132   4.156650   3.0  0   0.00E+00  1 1                     3,4  0                      
                                          1      4.157  0.000E+00  0.000E+00  0.000E+00
133   4.193700  -1.0  0   0.00E+00  2 0                          0                      
                                          7      3.651  3.182E-01  3.182E-01  0.000E+00
                                          5      3.758  6.818E-01  6.818E-01  0.000E+00
134   4.212800   3.0  0   0.00E+00  2 1                     3,4  0                      
                                          7      3.670  1.000E+00  1.000E+00  0.000E+00
                                          1      4.213  0.000E+00  0.000E+00  0.000E+00
135   4.253790  -1.0  0   0.00E+00  1 0                          0                      
                                         12      3.248  1.000E+00  1.000E+00  0.000E+00
136   4.270000   3.0  0   0.00E+00  2 1                     3,4  0                      
                                         29      2.482  1.000E+00  1.000E+00  0.000E+00
                                          1      4.270  0.000E+00  0.000E+00  0.000E+00
137   4.291630  -1.0  0   0.00E+00  2 0                          0                      
                                         97      1.195  3.512E-01  3.512E-01  0.000E+00
                                          8      3.677  6.488E-01  6.488E-01  0.000E+00
138   4.298300  -1.0  0   0.00E+00  2 0                          0                      
                                         22      2.790  1.000E+00  1.000E+00  0.000E+00
                                          1      4.298  0.000E+00  0.000E+00  0.000E+00
139   4.513850  -1.0  0   0.00E+00  3 0                          0                      
                                         96      1.429  3.313E-01  3.313E-01  0.000E+00
                                         80      1.704  4.458E-01  4.458E-01  0.000E+00
                                         34      2.661  2.229E-01  2.229E-01  0.000E+00
140   4.538000  -1.0  0   0.00E+00  1 0                          0                      
                                          7      3.995  1.000E+00  1.000E+00  0.000E+00
141   4.600960  -1.0  0   0.00E+00  2 0                          0                      
                                         10      3.815  6.378E-01  6.378E-01  0.000E+00
                                          4      4.312  3.622E-01  3.622E-01  0.000E+00
142   4.751920  -1.0  0   0.00E+00  3 0                          0                      
                                         55      2.400  1.424E-01  1.424E-01  0.000E+00
                                         10      3.966  7.914E-01  7.914E-01  0.000E+00
                                          6      4.246  6.623E-02  6.623E-02  0.000E+00
143   4.799960   3.0  0   0.00E+00  3 1                     3,4  0                      
                                         79      1.998  5.750E-01  5.750E-01  0.000E+00
                                         21      3.349  2.083E-01  2.083E-01  0.000E+00
                                          1      4.800  2.167E-01  2.167E-01  0.000E+00
144   4.811350  -1.0  0   0.00E+00  1 0                          0                      
                                         22      3.303  1.000E+00  1.000E+00  0.000E+00
145   4.875320  -1.0  0   0.00E+00  1 0                          0                      
                                         20      3.494  1.000E+00  1.000E+00  0.000E+00
146   7.492050   3.0  0   0.00E+00119 1                     3,4  0                      
                                        145      2.617  1.233E-03  1.233E-03  0.000E+00
                                        144      2.681  3.391E-03  3.391E-03  0.000E+00
                                        143      2.692  2.343E-03  2.343E-03  0.000E+00
                                        142      2.740  3.175E-03  3.175E-03  0.000E+00
                                        141      2.891  1.942E-03  1.942E-03  0.000E+00
                                        140      2.954  1.387E-03  1.387E-03  0.000E+00
                                        139      2.978  2.312E-03  2.312E-03  0.000E+00
                                        138      3.194  2.744E-03  2.744E-03  0.000E+00
                                        137      3.200  6.165E-04  6.165E-04  0.000E+00
                                        136      3.222  1.017E-03  1.017E-03  0.000E+00
                                        135      3.238  2.744E-03  2.744E-03  0.000E+00
                                        134      3.279  1.788E-03  1.788E-03  0.000E+00
                                        133      3.298  1.387E-03  1.387E-03  0.000E+00
                                        132      3.335  3.206E-03  3.206E-03  0.000E+00
                                        131      3.380  6.474E-03  6.474E-03  0.000E+00
                                        130      3.391  8.015E-04  8.015E-04  0.000E+00
                                        129      3.480  1.541E-03  1.541E-03  0.000E+00
                                        128      3.562  1.973E-03  1.973E-03  0.000E+00
                                        127      3.576  1.511E-03  1.511E-03  0.000E+00
                                        126      3.620  1.819E-03  1.819E-03  0.000E+00
                                        125      3.664  2.466E-03  2.466E-03  0.000E+00
                                        124      3.694  1.202E-03  1.202E-03  0.000E+00
                                        123      3.749  1.279E-02  1.279E-02  0.000E+00
                                        122      3.795  8.940E-04  8.940E-04  0.000E+00
                                        121      3.841  3.977E-03  3.977E-03  0.000E+00
                                        120      3.897  2.836E-03  2.836E-03  0.000E+00
                                        119      3.903  1.418E-03  1.418E-03  0.000E+00
                                        118      3.930  8.385E-03  8.385E-03  0.000E+00
                                        117      3.977  1.757E-03  1.757E-03  0.000E+00
                                        116      3.995  2.929E-03  2.929E-03  0.000E+00
                                        115      4.026  8.385E-03  8.385E-03  0.000E+00
                                        114      4.032  6.412E-03  6.412E-03  0.000E+00
                                        113      4.076  1.480E-03  1.480E-03  0.000E+00
                                        112      4.149  2.651E-03  2.651E-03  0.000E+00
                                        111      4.156  3.946E-03  3.946E-03  0.000E+00
                                        110      4.208  7.861E-03  7.861E-03  0.000E+00
                                        109      4.213  2.528E-03  2.528E-03  0.000E+00
                                        108      4.253  9.865E-04  9.865E-04  0.000E+00
                                        107      4.275  1.942E-03  1.942E-03  0.000E+00
                                        106      4.288  1.110E-03  1.110E-03  0.000E+00
                                        105      4.301  1.880E-03  1.880E-03  0.000E+00
                                        104      4.306  2.466E-04  2.466E-04  0.000E+00
                                        103      4.329  3.237E-03  3.237E-03  0.000E+00
                                        102      4.337  1.202E-03  1.202E-03  0.000E+00
                                        101      4.350  2.805E-03  2.805E-03  0.000E+00
                                         99      4.370  2.405E-03  2.405E-03  0.000E+00
                                         98      4.377  3.668E-03  3.668E-03  0.000E+00
                                         97      4.396  3.946E-03  3.946E-03  0.000E+00
                                         95      4.415  5.549E-04  5.549E-04  0.000E+00
                                         94      4.426  4.316E-04  4.316E-04  0.000E+00
                                         93      4.444  1.387E-03  1.387E-03  0.000E+00
                                         92      4.470  1.880E-03  1.880E-03  0.000E+00
                                         91      4.482  1.233E-03  1.233E-03  0.000E+00
                                         89      4.528  2.189E-03  2.189E-03  0.000E+00
                                         88      4.547  3.545E-03  3.545E-03  0.000E+00
                                         85      4.590  1.819E-03  1.819E-03  0.000E+00
                                         84      4.607  9.587E-03  9.587E-03  0.000E+00
                                         83      4.624  3.206E-03  3.206E-03  0.000E+00
                                         82      4.647  2.497E-03  2.497E-03  0.000E+00
                                         81      4.666  2.620E-03  2.620E-03  0.000E+00
                                         78      4.706  4.223E-03  4.223E-03  0.000E+00
                                         77      4.720  1.387E-03  1.387E-03  0.000E+00
                                         75      4.731  2.744E-03  2.744E-03  0.000E+00
                                         74      4.758  1.110E-03  1.110E-03  0.000E+00
                                         72      4.782  1.295E-03  1.295E-03  0.000E+00
                                         70      4.836  1.233E-03  1.233E-03  0.000E+00
                                         69      4.870  9.248E-04  9.248E-04  0.000E+00
                                         68      4.884  7.306E-03  7.306E-03  0.000E+00
                                         67      4.894  6.689E-03  6.689E-03  0.000E+00
                                         66      4.906  1.326E-02  1.326E-02  0.000E+00
                                         65      4.922  8.786E-03  8.786E-03  0.000E+00
                                         63      4.946  0.000E+00  0.000E+00  0.000E+00
                                         62      4.963  1.880E-03  1.880E-03  0.000E+00
                                         61      5.003  8.138E-03  8.138E-03  0.000E+00
                                         59      5.041  2.651E-03  2.651E-03  0.000E+00
                                         58      5.060  6.165E-04  6.165E-04  0.000E+00
                                         57      5.069  3.360E-03  3.360E-03  0.000E+00
                                         56      5.128  6.320E-03  6.320E-03  0.000E+00
                                         55      5.140  1.295E-03  1.295E-03  0.000E+00
                                         54      5.150  9.310E-03  9.310E-03  0.000E+00
                                         53      5.168  2.096E-03  2.096E-03  0.000E+00
                                         52      5.182  2.811E-02  2.811E-02  0.000E+00
                                         51      5.212  2.220E-03  2.220E-03  0.000E+00
                                         50      5.217  2.497E-03  2.497E-03  0.000E+00
                                         48      5.270  1.245E-02  1.245E-02  0.000E+00
                                         46      5.309  1.572E-03  1.572E-03  0.000E+00
                                         44      5.358  4.932E-03  4.932E-03  0.000E+00
                                         43      5.370  5.795E-03  5.795E-03  0.000E+00
                                         42      5.411  4.624E-04  4.624E-04  0.000E+00
                                         41      5.446  9.865E-04  9.865E-04  0.000E+00
                                         38      5.511  5.025E-03  5.025E-03  0.000E+00
                                         37      5.568  1.480E-03  1.480E-03  0.000E+00
                                         36      5.603  1.338E-02  1.338E-02  0.000E+00
                                         35      5.615  1.230E-02  1.230E-02  0.000E+00
                                         34      5.639  1.168E-02  1.168E-02  0.000E+00
                                         32      5.661  5.826E-02  5.826E-02  0.000E+00
                                         29      5.704  5.456E-03  5.456E-03  0.000E+00
                                         28      5.743  2.361E-02  2.361E-02  0.000E+00
                                         27      5.782  7.399E-04  7.399E-04  0.000E+00
                                         25      5.852  3.391E-03  3.391E-03  0.000E+00
                                         24      5.926  1.982E-02  1.982E-02  0.000E+00
                                         23      5.976  8.940E-02  8.940E-02  0.000E+00
                                         21      6.041  5.117E-03  5.117E-03  0.000E+00
                                         20      6.111  6.566E-03  6.566E-03  0.000E+00
                                         18      6.150  5.734E-03  5.734E-03  0.000E+00
                                         17      6.275  6.844E-03  6.844E-03  0.000E+00
                                         15      6.284  6.289E-03  6.289E-03  0.000E+00
                                         14      6.341  5.857E-04  5.857E-04  0.000E+00
                                         13      6.359  4.316E-04  4.316E-04  0.000E+00
                                         12      6.486  7.152E-02  7.152E-02  0.000E+00
                                         10      6.706  9.310E-02  9.310E-02  0.000E+00
                                          8      6.877  9.310E-02  9.310E-02  0.000E+00
                                          7      6.949  7.676E-03  7.676E-03  0.000E+00
                                          6      6.985  3.237E-02  3.237E-02  0.000E+00
                                          5      7.056  2.053E-02  2.053E-02  0.000E+00
                                          4      7.203  1.138E-02  1.138E-02  0.000E+00
                                          3      7.214  4.254E-02  4.254E-02  0.000E+00
                                          2      7.433  2.559E-03  2.559E-03  0.000E+00
                                          1      7.492  3.576E-02  3.576E-02  0.000E+00
