 74Ge   74   32  115  641  114    5   10.196237   11.012078
  1   0.000000   0.0  1  -1.00E+00  0 0                      0+  0                      
  2   0.595854   2.0  1   0.00E+00  1 0                      2+  0                      
                                          1      0.596  1.000E+00  1.000E+00  0.000E+00
  3   1.204209   2.0  1   0.00E+00  2 0                      2+  0                      
                                          2      0.608  6.394E-01  6.394E-01  0.000E+00
                                          1      1.204  3.606E-01  3.606E-01  0.000E+00
  4   1.463758   4.0  1   0.00E+00  1 0                      4+  0                      
                                          2      0.868  1.000E+00  1.000E+00  0.000E+00
  5   1.482770   0.0  1   0.00E+00  1 0                      0+  0                      
                                          2      0.887  1.000E+00  1.000E+00  0.000E+00
  6   1.697144   3.0  1   0.00E+00  3 0                    (3)+  0                      
                                          4      0.233  0.000E+00  0.000E+00  0.000E+00
                                          3      0.493  4.981E-01  4.981E-01  0.000E+00
                                          2      1.101  5.019E-01  5.019E-01  0.000E+00
  7   1.724956   0.0  1   0.00E+00  2 0                    (0+)  0                      
                                          3      0.521  1.000E+00  1.000E+00  0.000E+00
                                          1      1.725  0.000E+00  0.000E+00  0.000E+00
  8   2.165271   3.0  1   0.00E+00  3 1                  (3,4)+  0                      
                                          6      0.468  3.928E-02  3.928E-02  0.000E+00
                                          4      0.702  3.192E-01  3.192E-01  0.000E+00
                                          3      0.961  6.415E-01  6.415E-01  0.000E+00
  9   2.197936   2.0  1   0.00E+00  5 0                      2+  0                      
                                          5      0.715  1.512E-01  1.512E-01  0.000E+00
                                          4      0.734  9.756E-02  9.756E-02  0.000E+00
                                          3      0.994  3.366E-01  3.366E-01  0.000E+00
                                          2      1.602  9.268E-02  9.268E-02  0.000E+00
                                          1      2.198  3.220E-01  3.220E-01  0.000E+00
 10   2.227700   0.0  1   0.00E+00  1 0                      0+  0                      
                                          2      1.632  1.000E+00  1.000E+00  0.000E+00
 11   2.536303   3.0 -1   0.00E+00  3 0                      3-  0                      
                                          6      0.839  2.515E-02  2.515E-02  0.000E+00
                                          3      1.332  2.360E-01  2.360E-01  0.000E+00
                                          2      1.940  7.389E-01  7.389E-01  0.000E+00
 12   2.569325   4.0  1   0.00E+00  1 0                      4+  0                      
                                          4      1.106  1.000E+00  1.000E+00  0.000E+00
 13   2.600320   1.0  1   0.00E+00  1 1                (1,2,3)+  0                      
                                          2      2.004  1.000E+00  1.000E+00  0.000E+00
 14   2.669631   4.0  1   0.00E+00  4 0                      4+  0                      
                                         12      0.100  1.401E-02  1.401E-02  0.000E+00
                                          6      0.972  9.244E-02  9.244E-02  0.000E+00
                                          4      1.206  3.193E-01  3.193E-01  0.000E+00
                                          2      2.074  5.742E-01  5.742E-01  0.000E+00
 15   2.693716   3.0  0   0.00E+00  2 1                  (3,4+)  0                      
                                          3      1.489  7.672E-01  7.672E-01  0.000E+00
                                          2      2.098  2.328E-01  2.328E-01  0.000E+00
 16   2.696926   2.0  1   0.00E+00  3 0                    (2+)  0                      
                                          8      0.532  1.805E-01  1.805E-01  0.000E+00
                                          6      1.000  7.883E-01  7.883E-01  0.000E+00
                                          4      1.233  3.121E-02  3.121E-02  0.000E+00
 17   2.828513   4.0  1   0.00E+00  2 0                    (4)+  0                      
                                          8      0.663  1.417E-02  1.417E-02  0.000E+00
                                          6      1.131  9.858E-01  9.858E-01  0.000E+00
 18   2.835930   2.0  1   0.00E+00  5 0                    (2)+  0                      
                                          8      0.671  1.748E-01  1.748E-01  0.000E+00
                                          6      1.139  4.472E-01  4.472E-01  0.000E+00
                                          4      1.372  1.179E-01  1.179E-01  0.000E+00
                                          2      2.240  2.195E-01  2.195E-01  0.000E+00
                                          1      2.836  4.065E-02  4.065E-02  0.000E+00
 19   2.925360   3.0  0   0.00E+00  2 1                 (3,4+ )  0                      
                                          6      1.228  8.345E-01  8.345E-01  0.000E+00
                                          3      1.721  1.655E-01  1.655E-01  0.000E+00
 20   2.935486   3.0 -1   0.00E+00  3 0                      3-  0                      
                                         11      0.399  4.744E-03  4.744E-03  0.000E+00
                                          8      0.770  1.392E-01  1.392E-01  0.000E+00
                                          4      1.472  8.560E-01  8.560E-01  0.000E+00
 21   2.949140   3.0 -1   0.00E+00  3 0                    (3-)  0                      
                                          3      1.745  2.273E-01  2.273E-01  0.000E+00
                                          2      2.353  7.727E-01  7.727E-01  0.000E+00
                                          1      2.949  0.000E+00  0.000E+00  0.000E+00
 22   2.973494   3.0  0   0.00E+00  4 0                     (3)  0                      
                                         11      0.437  7.669E-03  7.669E-03  0.000E+00
                                          8      0.808  3.083E-01  3.083E-01  0.000E+00
                                          4      1.510  6.605E-01  6.605E-01  0.000E+00
                                          1      2.973  2.348E-02  2.348E-02  0.000E+00
 23   3.033897   3.0  0   0.00E+00  3 1                  (3,4+)  0                      
                                         11      0.498  1.165E-01  1.165E-01  0.000E+00
                                          4      1.570  2.427E-01  2.427E-01  0.000E+00
                                          3      1.830  6.408E-01  6.408E-01  0.000E+00
 24   3.048548   4.0  1   0.00E+00  4 0                      4+  0                      
                                          9      0.851  1.435E-01  1.435E-01  0.000E+00
                                          8      0.883  4.260E-01  4.260E-01  0.000E+00
                                          3      1.844  3.946E-01  3.946E-01  0.000E+00
                                          1      3.048  3.587E-02  3.587E-02  0.000E+00
 25   3.081316   3.0  1   0.00E+00  5 0                    (3+)  0                      
                                         11      0.545  1.080E-01  1.080E-01  0.000E+00
                                          8      0.916  1.231E-01  1.231E-01  0.000E+00
                                          6      1.384  2.487E-01  2.487E-01  0.000E+00
                                          4      1.618  4.950E-01  4.950E-01  0.000E+00
                                          1      3.081  2.513E-02  2.513E-02  0.000E+00
 26   3.104527   5.0 -1   0.00E+00  3 0                      5-  0                      
                                         20      0.169  3.696E-02  3.696E-02  0.000E+00
                                          8      0.939  6.848E-01  6.848E-01  0.000E+00
                                          4      1.641  2.783E-01  2.783E-01  0.000E+00
 27   3.139510   3.0 -1   0.00E+00  2 0                      3-  0                      
                                          4      1.676  7.018E-01  7.018E-01  0.000E+00
                                          2      2.544  2.982E-01  2.982E-01  0.000E+00
 28   3.175408   3.0 -1   0.00E+00  5 0                      3-  0                      
                                         23      0.142  4.124E-02  4.124E-02  0.000E+00
                                         15      0.482  4.639E-01  4.639E-01  0.000E+00
                                          6      1.478  4.124E-02  4.124E-02  0.000E+00
                                          3      1.971  2.474E-01  2.474E-01  0.000E+00
                                          2      2.580  2.062E-01  2.062E-01  0.000E+00
 29   3.224707   4.0  1   0.00E+00  3 0                      4+  0                      
                                         22      0.251  2.069E-01  2.069E-01  0.000E+00
                                         20      0.289  6.138E-01  6.138E-01  0.000E+00
                                         17      0.396  1.793E-01  1.793E-01  0.000E+00
 30   3.271270   2.0  1   0.00E+00  3 0                    (2+)  0                      
                                         10      1.044  6.557E-02  6.557E-02  0.000E+00
                                          7      1.546  4.098E-02  4.098E-02  0.000E+00
                                          4      1.807  8.934E-01  8.934E-01  0.000E+00
 31   3.315721   4.0  1   0.00E+00  4 0                      4+  0                      
                                         18      0.480  1.774E-01  1.774E-01  0.000E+00
                                         16      0.619  2.688E-02  2.688E-02  0.000E+00
                                         12      0.746  1.129E-01  1.129E-01  0.000E+00
                                          8      1.150  6.828E-01  6.828E-01  0.000E+00
 32   3.358525   2.0  1   0.00E+00  2 1               (2+,3,4+)  0                      
                                         17      0.530  5.806E-01  5.806E-01  0.000E+00
                                          9      1.161  4.194E-01  4.194E-01  0.000E+00
 33   3.373790   2.0  1   0.00E+00  1 0              (2+ TO 6+)  0                      
                                          1      3.374  0.000E+00  0.000E+00  0.000E+00
 34   3.381700   3.0 -1   0.00E+00  1 0                      3-  0                      
                                          2      2.786  1.000E+00  1.000E+00  0.000E+00
 35   3.392618   2.0  1   0.00E+00  5 0                      2+  0                      
                                         25      0.311  1.510E-01  1.510E-01  0.000E+00
                                         18      0.557  5.729E-02  5.729E-02  0.000E+00
                                         16      0.696  1.719E-01  1.719E-01  0.000E+00
                                          8      1.227  5.677E-01  5.677E-01  0.000E+00
                                          3      2.188  5.208E-02  5.208E-02  0.000E+00
 36   3.409946   3.0  0   0.00E+00  6 1                  (3,4+)  0                      
                                         19      0.485  5.697E-02  5.697E-02  0.000E+00
                                         18      0.574  3.593E-02  3.593E-02  0.000E+00
                                         17      0.581  2.191E-02  2.191E-02  0.000E+00
                                         16      0.713  2.103E-01  2.103E-01  0.000E+00
                                          6      1.713  5.653E-01  5.653E-01  0.000E+00
                                          4      1.946  1.096E-01  1.096E-01  0.000E+00
 37   3.424400   2.0  0   0.00E+00  1 0                (2 TO 6)  0                      
                                          1      3.424  0.000E+00  0.000E+00  0.000E+00
 38   3.435280   2.0  0   0.00E+00  1 0                (2 TO 6)  0                      
                                          1      3.435  1.000E+00  1.000E+00  0.000E+00
 39   3.478266   2.0  1   0.00E+00  6 1                  (2,3)+  0                      
                                         28      0.303  4.745E-02  4.745E-02  0.000E+00
                                         24      0.430  3.650E-02  3.650E-02  0.000E+00
                                         15      0.785  1.642E-01  1.642E-01  0.000E+00
                                         11      0.942  3.285E-02  3.285E-02  0.000E+00
                                          8      1.313  2.555E-01  2.555E-01  0.000E+00
                                          4      2.014  4.635E-01  4.635E-01  0.000E+00
 40   3.515456   3.0  0   0.00E+00  6 1                  (3,4+)  0                      
                                         26      0.411  1.244E-01  1.244E-01  0.000E+00
                                         22      0.542  2.338E-01  2.338E-01  0.000E+00
                                         20      0.580  2.985E-01  2.985E-01  0.000E+00
                                         18      0.680  2.488E-02  2.488E-02  0.000E+00
                                         17      0.687  2.985E-02  2.985E-02  0.000E+00
                                          8      1.350  2.886E-01  2.886E-01  0.000E+00
 41   3.578994   2.0  1   0.00E+00  6 0                      2+  0                      
                                         36      0.169  0.000E+00  0.000E+00  0.000E+00
                                         28      0.404  9.804E-02  9.804E-02  0.000E+00
                                         20      0.644  1.373E-01  1.373E-01  0.000E+00
                                         12      1.010  3.039E-01  3.039E-01  0.000E+00
                                          4      2.115  1.078E-01  1.078E-01  0.000E+00
                                          1      3.579  3.529E-01  3.529E-01  0.000E+00
 42   3.651899  -1.0  0   0.00E+00  6 0                          0                      
                                         25      0.571  3.333E-02  3.333E-02  0.000E+00
                                         22      0.678  7.333E-02  7.333E-02  0.000E+00
                                         20      0.716  1.333E-01  1.333E-01  0.000E+00
                                         16      0.955  4.800E-01  4.800E-01  0.000E+00
                                         12      1.083  2.133E-01  2.133E-01  0.000E+00
                                          4      2.188  6.667E-02  6.667E-02  0.000E+00
 43   3.685380   2.0  0   0.00E+00  3 1              (2,3,4,5+)  0                      
                                         25      0.604  8.788E-01  8.788E-01  0.000E+00
                                         23      0.651  1.212E-01  1.212E-01  0.000E+00
                                          1      3.685  0.000E+00  0.000E+00  0.000E+00
 44   3.691760   3.0 -1   0.00E+00  3 0                      3-  0                      
                                         23      0.658  2.500E-01  2.500E-01  0.000E+00
                                         20      0.756  2.250E-01  2.250E-01  0.000E+00
                                         14      1.022  5.250E-01  5.250E-01  0.000E+00
 45   3.706649   3.0  0   0.00E+00  2 0                (3 TO 5)  0                      
                                         17      0.878  8.421E-01  8.421E-01  0.000E+00
                                         11      1.170  1.579E-01  1.579E-01  0.000E+00
 46   3.720830   3.0  0   0.00E+00  3 1                  (3,4+)  0                      
                                          6      2.024  1.736E-01  1.736E-01  0.000E+00
                                          4      2.257  8.264E-01  8.264E-01  0.000E+00
                                          1      3.721  0.000E+00  0.000E+00  0.000E+00
 47   3.743356   3.0 -1   0.00E+00  5 1                 (3-,4+)  0                      
                                         30      0.472  9.317E-02  9.317E-02  0.000E+00
                                         28      0.568  2.484E-02  2.484E-02  0.000E+00
                                         26      0.639  4.348E-01  4.348E-01  0.000E+00
                                         15      1.050  1.988E-01  1.988E-01  0.000E+00
                                          5      2.261  2.484E-01  2.484E-01  0.000E+00
 48   3.771828   2.0  1   0.00E+00  6 1               (2+,3,4+)  0                      
                                         24      0.723  5.058E-02  5.058E-02  0.000E+00
                                         23      0.738  3.191E-01  3.191E-01  0.000E+00
                                         20      0.836  9.728E-02  9.728E-02  0.000E+00
                                          9      1.574  4.475E-01  4.475E-01  0.000E+00
                                          4      2.308  2.335E-02  2.335E-02  0.000E+00
                                          3      2.568  6.226E-02  6.226E-02  0.000E+00
 49   3.783380   2.0  1   0.00E+00  4 1               (2+,3,4+)  0                      
                                         41      0.204  0.000E+00  0.000E+00  0.000E+00
                                         31      0.468  3.103E-01  3.103E-01  0.000E+00
                                          3      2.579  6.897E-01  6.897E-01  0.000E+00
                                          1      3.783  0.000E+00  0.000E+00  0.000E+00
 50   3.790760   3.0  0   0.00E+00  4 1                  (3,4+)  0                      
                                         30      0.519  4.396E-02  4.396E-02  0.000E+00
                                         11      1.254  8.791E-01  8.791E-01  0.000E+00
                                          7      2.066  7.692E-02  7.692E-02  0.000E+00
                                          1      3.791  0.000E+00  0.000E+00  0.000E+00
 51   3.806791   3.0 -1   0.00E+00  3 0                      3-  0                      
                                         40      0.291  8.889E-02  8.889E-02  0.000E+00
                                          4      2.343  4.333E-01  4.333E-01  0.000E+00
                                          2      3.211  4.778E-01  4.778E-01  0.000E+00
 52   3.831940   2.0  1   0.00E+00  5 1               (2+,3,4+)  0                      
                                         30      0.561  7.439E-02  7.439E-02  0.000E+00
                                         27      0.692  5.190E-02  5.190E-02  0.000E+00
                                         18      0.996  2.595E-01  2.595E-01  0.000E+00
                                         17      1.003  3.460E-01  3.460E-01  0.000E+00
                                          4      2.368  2.682E-01  2.682E-01  0.000E+00
 53   3.835279   2.0  1   0.00E+00  4 1               (2+,3,4+)  0                      
                                         32      0.477  1.951E-01  1.951E-01  0.000E+00
                                         24      0.787  1.098E-01  1.098E-01  0.000E+00
                                          3      2.631  2.805E-01  2.805E-01  0.000E+00
                                          2      3.239  4.146E-01  4.146E-01  0.000E+00
 54   3.874170  -1.0  0   0.00E+00  2 0                          0                      
                                         44      0.182  8.989E-02  8.989E-02  0.000E+00
                                         11      1.338  9.101E-01  9.101E-01  0.000E+00
 55   3.889704   2.0  1   0.00E+00  4 1               (2+,3,4+)  0                      
                                         47      0.146  5.102E-02  5.102E-02  0.000E+00
                                         43      0.204  0.000E+00  0.000E+00  0.000E+00
                                         36      0.480  2.041E-01  2.041E-01  0.000E+00
                                         24      0.841  7.449E-01  7.449E-01  0.000E+00
 56   3.897880   2.0  0   0.00E+00  2 0                (2 TO 6)  0                      
                                         39      0.420  3.264E-01  3.264E-01  0.000E+00
                                         16      1.201  6.736E-01  6.736E-01  0.000E+00
 57   3.932995   1.0  1   0.00E+00  5 1             (1+,2,3,4+)  0                      
                                         47      0.190  4.688E-02  4.688E-02  0.000E+00
                                         46      0.212  7.031E-02  7.031E-02  0.000E+00
                                         16      1.236  7.813E-01  7.813E-01  0.000E+00
                                          8      1.768  1.016E-01  1.016E-01  0.000E+00
                                          1      3.933  0.000E+00  0.000E+00  0.000E+00
 58   3.941120   2.0  1   0.00E+00  5 1                 (2+,3-)  0                      
                                         29      0.716  1.575E-01  1.575E-01  0.000E+00
                                         17      1.113  2.677E-01  2.677E-01  0.000E+00
                                         12      1.372  2.283E-01  2.283E-01  0.000E+00
                                          8      1.776  2.598E-01  2.598E-01  0.000E+00
                                          6      2.244  8.661E-02  8.661E-02  0.000E+00
 59   3.957920   3.0 -1   0.00E+00  5 0                      3-  0                      
                                         46      0.237  6.433E-02  6.433E-02  0.000E+00
                                         16      1.261  3.509E-01  3.509E-01  0.000E+00
                                          7      2.233  6.433E-02  6.433E-02  0.000E+00
                                          6      2.261  2.339E-01  2.339E-01  0.000E+00
                                          3      2.754  2.865E-01  2.865E-01  0.000E+00
 60   3.975841   2.0  1   0.00E+00  7 0                    (2+)  0                      
                                         53      0.141  5.769E-02  5.769E-02  0.000E+00
                                         51      0.169  0.000E+00  0.000E+00  0.000E+00
                                         27      0.836  1.603E-01  1.603E-01  0.000E+00
                                         15      1.282  1.859E-01  1.859E-01  0.000E+00
                                          6      2.279  3.846E-01  3.846E-01  0.000E+00
                                          3      2.772  1.218E-01  1.218E-01  0.000E+00
                                          1      3.976  8.974E-02  8.974E-02  0.000E+00
 61   3.995810   2.0  1   0.00E+00  5 0                    (2+)  0                      
                                         49      0.212  3.867E-02  3.867E-02  0.000E+00
                                         21      1.047  4.420E-02  4.420E-02  0.000E+00
                                          4      2.532  5.304E-01  5.304E-01  0.000E+00
                                          3      2.792  7.182E-02  7.182E-02  0.000E+00
                                          1      3.996  3.149E-01  3.149E-01  0.000E+00
 62   4.022840   2.0  1   0.00E+00  3 0                    (2+)  0                      
                                         41      0.444  1.446E-01  1.446E-01  0.000E+00
                                         20      1.087  3.976E-01  3.976E-01  0.000E+00
                                          2      3.427  4.578E-01  4.578E-01  0.000E+00
 63   4.030330   2.0  1   0.00E+00  3 1               (2+,3,4+)  0                      
                                         12      1.461  8.889E-01  8.889E-01  0.000E+00
                                          2      3.434  1.111E-01  1.111E-01  0.000E+00
                                          1      4.030  0.000E+00  0.000E+00  0.000E+00
 64   4.045497  -1.0  0   0.00E+00  4 0                          0                      
                                         48      0.274  2.857E-01  2.857E-01  0.000E+00
                                         35      0.653  9.524E-02  9.524E-02  0.000E+00
                                         21      1.096  4.286E-01  4.286E-01  0.000E+00
                                          1      4.045  1.905E-01  1.905E-01  0.000E+00
 65   4.064670   2.0  0   0.00E+00  2 0                (2 TO 5)  0                      
                                         36      0.655  3.137E-01  3.137E-01  0.000E+00
                                          4      2.601  6.863E-01  6.863E-01  0.000E+00
 66   4.094030  -1.0  0   0.00E+00  3 0                          0                      
                                         55      0.204  1.277E-01  1.277E-01  0.000E+00
                                         28      0.919  2.766E-01  2.766E-01  0.000E+00
                                         23      1.060  5.957E-01  5.957E-01  0.000E+00
 67   4.114180  -1.0  0   0.00E+00  8 0                          0                      
                                         58      0.173  2.752E-02  2.752E-02  0.000E+00
                                         35      0.722  3.670E-02  3.670E-02  0.000E+00
                                         30      0.843  1.881E-01  1.881E-01  0.000E+00
                                         26      1.010  1.422E-01  1.422E-01  0.000E+00
                                         25      1.033  3.257E-01  3.257E-01  0.000E+00
                                         20      1.179  1.422E-01  1.422E-01  0.000E+00
                                          9      1.916  1.009E-01  1.009E-01  0.000E+00
                                          3      2.910  3.670E-02  3.670E-02  0.000E+00
 68   4.137240  -1.0  0   0.00E+00  5 0                          0                      
                                         57      0.204  5.582E-01  5.582E-01  0.000E+00
                                         41      0.558  4.819E-02  4.819E-02  0.000E+00
                                         15      1.444  2.570E-01  2.570E-01  0.000E+00
                                          5      2.654  0.000E+00  0.000E+00  0.000E+00
                                          3      2.933  1.365E-01  1.365E-01  0.000E+00
 69   4.144570  -1.0  0   0.00E+00  5 0                          0                      
                                         16      1.448  2.500E-01  2.500E-01  0.000E+00
                                          8      1.979  2.500E-01  2.500E-01  0.000E+00
                                          4      2.681  2.500E-01  2.500E-01  0.000E+00
                                          3      2.940  2.500E-01  2.500E-01  0.000E+00
                                          1      4.144  0.000E+00  0.000E+00  0.000E+00
 70   4.155350  -1.0  0   0.00E+00  3 0                          0                      
                                         40      0.640  9.756E-02  9.756E-02  0.000E+00
                                         13      1.555  2.073E-01  2.073E-01  0.000E+00
                                          4      2.692  6.951E-01  6.951E-01  0.000E+00
 71   4.191480  -1.0  0   0.00E+00  5 0                          0                      
                                         34      0.810  2.456E-01  2.456E-01  0.000E+00
                                         27      1.052  1.053E-01  1.053E-01  0.000E+00
                                          4      2.728  1.491E-01  1.491E-01  0.000E+00
                                          3      2.987  3.772E-01  3.772E-01  0.000E+00
                                          2      3.596  1.228E-01  1.228E-01  0.000E+00
 72   4.203000  -1.0  0   0.00E+00  7 0                          0                      
                                         64      0.158  2.924E-02  2.924E-02  0.000E+00
                                         32      0.844  1.988E-01  1.988E-01  0.000E+00
                                         29      0.978  9.357E-02  9.357E-02  0.000E+00
                                         20      1.268  4.678E-01  4.678E-01  0.000E+00
                                         18      1.367  1.579E-01  1.579E-01  0.000E+00
                                          2      3.607  5.263E-02  5.263E-02  0.000E+00
                                          1      4.203  0.000E+00  0.000E+00  0.000E+00
 73   4.204767   2.0  0   0.00E+00  5 0               (2 TO 5-)  0                      
                                         64      0.159  1.224E-01  1.224E-01  0.000E+00
                                         30      0.933  3.061E-01  3.061E-01  0.000E+00
                                         20      1.269  4.286E-01  4.286E-01  0.000E+00
                                         14      1.535  1.429E-01  1.429E-01  0.000E+00
                                          1      4.205  0.000E+00  0.000E+00  0.000E+00
 74   4.217370   2.0  1   0.00E+00  4 1               (2+,3,4+)  0                      
                                         25      1.136  1.644E-01  1.644E-01  0.000E+00
                                         18      1.381  1.918E-01  1.918E-01  0.000E+00
                                          9      2.019  4.247E-01  4.247E-01  0.000E+00
                                          4      2.754  2.192E-01  2.192E-01  0.000E+00
 75   4.234880   3.0  0   0.00E+00  1 1                  (3,4+)  0                      
                                          1      4.235  0.000E+00  0.000E+00  0.000E+00
 76   4.238250  -1.0  0   0.00E+00  5 0                          0                      
                                         24      1.190  3.595E-01  3.595E-01  0.000E+00
                                         22      1.265  2.893E-01  2.893E-01  0.000E+00
                                         19      1.313  2.603E-01  2.603E-01  0.000E+00
                                          9      2.040  3.719E-02  3.719E-02  0.000E+00
                                          1      4.238  5.372E-02  5.372E-02  0.000E+00
 77   4.276540  -1.0  0   0.00E+00  5 0                          0                      
                                         67      0.162  1.842E-01  1.842E-01  0.000E+00
                                         40      0.761  2.368E-01  2.368E-01  0.000E+00
                                         22      1.303  5.789E-01  5.789E-01  0.000E+00
                                          6      2.579  0.000E+00  0.000E+00  0.000E+00
                                          1      4.276  0.000E+00  0.000E+00  0.000E+00
 78   4.292186  -1.0  0   0.00E+00  6 0                          0                      
                                         60      0.316  5.099E-02  5.099E-02  0.000E+00
                                         43      0.607  4.249E-01  4.249E-01  0.000E+00
                                         18      1.456  6.232E-02  6.232E-02  0.000E+00
                                         11      1.756  3.966E-01  3.966E-01  0.000E+00
                                          8      2.127  3.116E-02  3.116E-02  0.000E+00
                                          1      4.292  3.399E-02  3.399E-02  0.000E+00
 79   4.339730   2.0  1   0.00E+00  6 0                    (2+)  0                      
                                         74      0.122  3.349E-02  3.349E-02  0.000E+00
                                         46      0.619  5.742E-02  5.742E-02  0.000E+00
                                         44      0.648  9.569E-02  9.569E-02  0.000E+00
                                         25      1.258  4.785E-01  4.785E-01  0.000E+00
                                         13      1.739  2.392E-01  2.392E-01  0.000E+00
                                         10      2.112  9.569E-02  9.569E-02  0.000E+00
 80   4.344300  -1.0  0   0.00E+00  5 0                          0                      
                                         72      0.141  8.974E-02  8.974E-02  0.000E+00
                                         23      1.310  3.462E-01  3.462E-01  0.000E+00
                                         21      1.395  2.308E-01  2.308E-01  0.000E+00
                                          8      2.179  1.667E-01  1.667E-01  0.000E+00
                                          7      2.619  1.667E-01  1.667E-01  0.000E+00
 81   4.368150   2.0  1   0.00E+00  6 0                    (2+)  0                      
                                         32      1.010  1.132E-01  1.132E-01  0.000E+00
                                         26      1.264  3.302E-01  3.302E-01  0.000E+00
                                         22      1.395  2.358E-01  2.358E-01  0.000E+00
                                         17      1.540  9.906E-02  9.906E-02  0.000E+00
                                          8      2.203  2.358E-02  2.358E-02  0.000E+00
                                          1      4.368  1.981E-01  1.981E-01  0.000E+00
 82   4.408740   4.0  1   0.00E+00  1 0                    (4+)  0                      
                                          1      4.409  0.000E+00  0.000E+00  0.000E+00
 83   4.413470   2.0  1   0.00E+00  3 0                      2+  0                      
                                         51      0.607  0.000E+00  0.000E+00  0.000E+00
                                          6      2.716  2.955E-01  2.955E-01  0.000E+00
                                          4      2.950  7.045E-01  7.045E-01  0.000E+00
 84   4.440040   2.0  0   0.00E+00  4 0                (2 TO 6)  0                      
                                         79      0.100  2.931E-01  2.931E-01  0.000E+00
                                         34      1.058  1.031E-01  1.031E-01  0.000E+00
                                         13      1.840  1.915E-01  1.915E-01  0.000E+00
                                          6      2.743  4.124E-01  4.124E-01  0.000E+00
 85   4.442140   2.0  1   0.00E+00  6 1               (2+,3,4+)  0                      
                                         53      0.607  0.000E+00  0.000E+00  0.000E+00
                                         44      0.750  8.571E-02  8.571E-02  0.000E+00
                                         35      1.050  1.829E-01  1.829E-01  0.000E+00
                                         27      1.303  1.257E-01  1.257E-01  0.000E+00
                                         24      1.394  9.714E-02  9.714E-02  0.000E+00
                                         12      1.873  5.086E-01  5.086E-01  0.000E+00
 86   4.527890   2.0  1   0.00E+00  7 0                    (2+)  0                      
                                         47      0.785  3.147E-01  3.147E-01  0.000E+00
                                         39      1.050  1.748E-01  1.748E-01  0.000E+00
                                         29      1.303  2.098E-01  2.098E-01  0.000E+00
                                         12      1.959  4.895E-02  4.895E-02  0.000E+00
                                          8      2.363  7.692E-02  7.692E-02  0.000E+00
                                          5      3.045  1.469E-01  1.469E-01  0.000E+00
                                          4      3.064  2.797E-02  2.797E-02  0.000E+00
 87   4.630380   2.0  1   0.00E+00  5 0                    (2+)  0                      
                                         67      0.516  5.797E-01  5.797E-01  0.000E+00
                                         11      2.094  5.217E-02  5.217E-02  0.000E+00
                                          7      2.905  1.130E-01  1.130E-01  0.000E+00
                                          2      4.034  2.464E-01  2.464E-01  0.000E+00
                                          1      4.630  8.696E-03  8.696E-03  0.000E+00
 88   4.841000   2.0  1   0.00E+00  9 0                    (2+)  0                      
                                         70      0.686  4.716E-02  4.716E-02  0.000E+00
                                         54      0.967  1.070E-01  1.070E-01  0.000E+00
                                         32      1.482  2.431E-01  2.431E-01  0.000E+00
                                         26      1.736  1.945E-01  1.945E-01  0.000E+00
                                         14      2.171  1.945E-02  1.945E-02  0.000E+00
                                          8      2.676  3.403E-02  3.403E-02  0.000E+00
                                          4      3.377  8.751E-02  8.751E-02  0.000E+00
                                          2      4.245  7.292E-02  7.292E-02  0.000E+00
                                          1      4.841  1.945E-01  1.945E-01  0.000E+00
 89   4.972720   2.0  1   0.00E+00  6 0                    (2+)  0                      
                                         48      1.201  5.394E-01  5.394E-01  0.000E+00
                                         41      1.394  7.054E-02  7.054E-02  0.000E+00
                                         20      2.037  2.158E-01  2.158E-01  0.000E+00
                                          6      3.276  2.905E-02  2.905E-02  0.000E+00
                                          5      3.490  5.394E-02  5.394E-02  0.000E+00
                                          1      4.973  9.129E-02  9.129E-02  0.000E+00
 90   5.107870  -1.0  0   0.00E+00  6 0                          0                      
                                         84      0.668  2.367E-01  2.367E-01  0.000E+00
                                         74      0.890  1.361E-01  1.361E-01  0.000E+00
                                         64      1.062  2.367E-01  2.367E-01  0.000E+00
                                         10      2.880  2.840E-01  2.840E-01  0.000E+00
                                          9      2.910  4.734E-02  4.734E-02  0.000E+00
                                          7      3.383  5.917E-02  5.917E-02  0.000E+00
 91   5.131570   2.0  0   0.00E+00  6 0                (2 TO 6)  0                      
                                         84      0.692  3.670E-02  3.670E-02  0.000E+00
                                         35      1.739  3.670E-01  3.670E-01  0.000E+00
                                         24      2.083  5.505E-02  5.505E-02  0.000E+00
                                         12      2.562  2.661E-01  2.661E-01  0.000E+00
                                          8      2.966  1.284E-01  1.284E-01  0.000E+00
                                          4      3.668  1.468E-01  1.468E-01  0.000E+00
 92   5.435880  -1.0  0   0.00E+00  6 0                          0                      
                                         71      1.244  4.808E-01  4.808E-01  0.000E+00
                                         57      1.503  1.218E-01  1.218E-01  0.000E+00
                                         35      2.043  5.769E-02  5.769E-02  0.000E+00
                                         28      2.260  2.564E-01  2.564E-01  0.000E+00
                                         27      2.296  5.128E-02  5.128E-02  0.000E+00
                                          6      3.739  3.205E-02  3.205E-02  0.000E+00
 93   5.758830  -1.0  0   0.00E+00  6 0                          0                      
                                         90      0.651  6.140E-02  6.140E-02  0.000E+00
                                         77      1.482  4.211E-01  4.211E-01  0.000E+00
                                         62      1.736  3.509E-01  3.509E-01  0.000E+00
                                         49      1.975  7.895E-02  7.895E-02  0.000E+00
                                         15      3.065  3.509E-02  3.509E-02  0.000E+00
                                          6      4.062  5.263E-02  5.263E-02  0.000E+00
 94   5.926910  -1.0  0   0.00E+00 10 0                          0                      
                                         83      1.513  3.264E-01  3.264E-01  0.000E+00
                                         71      1.735  1.088E-01  1.088E-01  0.000E+00
                                         49      2.143  3.535E-02  3.535E-02  0.000E+00
                                         30      2.656  0.000E+00  0.000E+00  0.000E+00
                                         15      3.233  3.535E-02  3.535E-02  0.000E+00
                                          7      4.202  6.799E-02  6.799E-02  0.000E+00
                                          5      4.444  2.720E-02  2.720E-02  0.000E+00
                                          4      4.463  2.013E-01  2.013E-01  0.000E+00
                                          3      4.723  1.904E-01  1.904E-01  0.000E+00
                                          1      5.927  7.343E-03  7.343E-03  0.000E+00
 95   5.934130  -1.0  0   0.00E+00  7 0                          0                      
                                         66      1.840  1.512E-01  1.512E-01  0.000E+00
                                         45      2.227  2.791E-01  2.791E-01  0.000E+00
                                         27      2.795  1.512E-01  1.512E-01  0.000E+00
                                         14      3.264  9.302E-02  9.302E-02  0.000E+00
                                          8      3.769  1.977E-01  1.977E-01  0.000E+00
                                          5      4.451  1.279E-01  1.279E-01  0.000E+00
                                          1      5.934  0.000E+00  0.000E+00  0.000E+00
 96   6.861980  -1.0  0   0.00E+00  7 0                          0                      
                                         76      2.624  8.511E-02  8.511E-02  0.000E+00
                                         74      2.645  5.532E-02  5.532E-02  0.000E+00
                                         68      2.725  4.681E-02  4.681E-02  0.000E+00
                                         66      2.768  8.085E-02  8.085E-02  0.000E+00
                                         48      3.090  7.660E-02  7.660E-02  0.000E+00
                                         15      4.168  1.702E-02  1.702E-02  0.000E+00
                                          2      6.266  6.383E-01  6.383E-01  0.000E+00
 97   6.992690  -1.0  0   0.00E+00 14 0                          0                      
                                         83      2.579  1.226E-01  1.226E-01  0.000E+00
                                         80      2.648  3.621E-02  3.621E-02  0.000E+00
                                         74      2.775  2.786E-02  2.786E-02  0.000E+00
                                         66      2.899  2.228E-02  2.228E-02  0.000E+00
                                         57      3.060  1.950E-02  1.950E-02  0.000E+00
                                         55      3.103  3.900E-02  3.900E-02  0.000E+00
                                         51      3.186  2.507E-02  2.507E-02  0.000E+00
                                         43      3.307  4.178E-02  4.178E-02  0.000E+00
                                         40      3.477  2.786E-02  2.786E-02  0.000E+00
                                         36      3.583  0.000E+00  0.000E+00  0.000E+00
                                         30      3.721  1.031E-01  1.031E-01  0.000E+00
                                         18      4.157  1.281E-01  1.281E-01  0.000E+00
                                         12      4.423  3.900E-01  3.900E-01  0.000E+00
                                          8      4.827  1.671E-02  1.671E-02  0.000E+00
 98   7.173250  -1.0  0   0.00E+00  5 0                          0                      
                                         88      2.332  5.641E-01  5.641E-01  0.000E+00
                                         69      3.029  2.564E-02  2.564E-02  0.000E+00
                                         52      3.341  1.026E-01  1.026E-01  0.000E+00
                                         36      3.763  7.692E-02  7.692E-02  0.000E+00
                                         17      4.345  2.308E-01  2.308E-01  0.000E+00
 99   7.275970  -1.0  0   0.00E+00 10 0                          0                      
                                         98      0.103  3.727E-02  3.727E-02  0.000E+00
                                         92      1.840  8.075E-02  8.075E-02  0.000E+00
                                         84      2.836  6.211E-02  6.211E-02  0.000E+00
                                         68      3.139  4.348E-02  4.348E-02  0.000E+00
                                         67      3.162  6.211E-02  6.211E-02  0.000E+00
                                         63      3.246  4.969E-02  4.969E-02  0.000E+00
                                         40      3.760  3.727E-02  3.727E-02  0.000E+00
                                         35      3.883  1.304E-01  1.304E-01  0.000E+00
                                         29      4.051  8.075E-02  8.075E-02  0.000E+00
                                         20      4.340  4.161E-01  4.161E-01  0.000E+00
100   7.359440  -1.0  0   0.00E+00 12 0                          0                      
                                         91      2.228  1.000E-01  1.000E-01  0.000E+00
                                         83      2.946  5.000E-02  5.000E-02  0.000E+00
                                         78      3.067  1.667E-02  1.667E-02  0.000E+00
                                         73      3.155  4.583E-02  4.583E-02  0.000E+00
                                         71      3.168  6.250E-02  6.250E-02  0.000E+00
                                         67      3.245  3.333E-02  3.333E-02  0.000E+00
                                         52      3.527  3.333E-02  3.333E-02  0.000E+00
                                         51      3.553  3.333E-02  3.333E-02  0.000E+00
                                         32      4.001  2.083E-02  2.083E-02  0.000E+00
                                         20      4.424  5.833E-01  5.833E-01  0.000E+00
                                          3      6.155  2.083E-02  2.083E-02  0.000E+00
                                          1      7.359  0.000E+00  0.000E+00  0.000E+00
101   7.493590  -1.0  0   0.00E+00  8 0                          0                      
                                         87      2.863  1.234E-01  1.234E-01  0.000E+00
                                         86      2.966  3.117E-01  3.117E-01  0.000E+00
                                         77      3.217  7.792E-02  7.792E-02  0.000E+00
                                         57      3.561  6.494E-02  6.494E-02  0.000E+00
                                         56      3.596  9.091E-02  9.091E-02  0.000E+00
                                         55      3.604  3.896E-02  3.896E-02  0.000E+00
                                         41      3.914  3.247E-02  3.247E-02  0.000E+00
                                          4      6.030  2.597E-01  2.597E-01  0.000E+00
102   7.578970  -1.0  0   0.00E+00 10 0                          0                      
                                         83      3.165  1.429E-01  1.429E-01  0.000E+00
                                         64      3.533  6.803E-02  6.803E-02  0.000E+00
                                         60      3.603  4.082E-02  4.082E-02  0.000E+00
                                         58      3.638  9.524E-02  9.524E-02  0.000E+00
                                         57      3.646  1.088E-01  1.088E-01  0.000E+00
                                         41      4.000  3.401E-02  3.401E-02  0.000E+00
                                         36      4.169  2.721E-02  2.721E-02  0.000E+00
                                         25      4.498  1.429E-01  1.429E-01  0.000E+00
                                          4      6.115  3.401E-01  3.401E-01  0.000E+00
                                          1      7.579  0.000E+00  0.000E+00  0.000E+00
103   7.621720  -1.0  0   0.00E+00 16 0                          0                      
                                         86      3.094  4.834E-02  4.834E-02  0.000E+00
                                         85      3.180  1.813E-02  1.813E-02  0.000E+00
                                         72      3.419  3.625E-02  3.625E-02  0.000E+00
                                         66      3.528  2.417E-02  2.417E-02  0.000E+00
                                         65      3.557  4.230E-02  4.230E-02  0.000E+00
                                         63      3.591  2.719E-01  2.719E-01  0.000E+00
                                         60      3.646  4.834E-02  4.834E-02  0.000E+00
                                         52      3.790  2.115E-02  2.115E-02  0.000E+00
                                         47      3.878  1.813E-02  1.813E-02  0.000E+00
                                         45      3.915  1.511E-02  1.511E-02  0.000E+00
                                         42      3.970  2.417E-02  2.417E-02  0.000E+00
                                         41      4.043  3.323E-02  3.323E-02  0.000E+00
                                         40      4.106  6.042E-02  6.042E-02  0.000E+00
                                         19      4.696  2.417E-02  2.417E-02  0.000E+00
                                         14      4.952  2.719E-01  2.719E-01  0.000E+00
                                         13      5.021  4.230E-02  4.230E-02  0.000E+00
104   7.702080  -1.0  0   0.00E+00  9 0                          0                      
                                         98      0.529  1.308E-01  1.308E-01  0.000E+00
                                         92      2.266  1.682E-01  1.682E-01  0.000E+00
                                         83      3.289  0.000E+00  0.000E+00  0.000E+00
                                         52      3.870  3.738E-02  3.738E-02  0.000E+00
                                         46      3.981  1.745E-01  1.745E-01  0.000E+00
                                         44      4.010  4.361E-02  4.361E-02  0.000E+00
                                         22      4.728  3.738E-01  3.738E-01  0.000E+00
                                         16      5.005  6.231E-02  6.231E-02  0.000E+00
                                          6      6.005  9.346E-03  9.346E-03  0.000E+00
105   7.882310  -1.0  0   0.00E+00 10 0                          0                      
                                         99      0.606  0.000E+00  0.000E+00  0.000E+00
                                         98      0.709  2.258E-01  2.258E-01  0.000E+00
                                         89      2.910  5.161E-02  5.161E-02  0.000E+00
                                         64      3.837  1.935E-02  1.935E-02  0.000E+00
                                         49      4.099  1.548E-01  1.548E-01  0.000E+00
                                         44      4.190  5.161E-02  5.161E-02  0.000E+00
                                         27      4.743  7.097E-02  7.097E-02  0.000E+00
                                         24      4.834  1.871E-01  1.871E-01  0.000E+00
                                         17      5.054  1.548E-01  1.548E-01  0.000E+00
                                         12      5.313  8.387E-02  8.387E-02  0.000E+00
106   7.980660  -1.0  0   0.00E+00 11 0                          0                      
                                         93      2.222  6.047E-02  6.047E-02  0.000E+00
                                         90      2.873  7.907E-02  7.907E-02  0.000E+00
                                         85      3.538  8.372E-02  8.372E-02  0.000E+00
                                         83      3.567  6.977E-02  6.977E-02  0.000E+00
                                         74      3.763  2.791E-02  2.791E-02  0.000E+00
                                         60      4.005  2.791E-02  2.791E-02  0.000E+00
                                         39      4.502  5.581E-02  5.581E-02  0.000E+00
                                         32      4.622  3.721E-01  3.721E-01  0.000E+00
                                         16      5.284  5.581E-02  5.581E-02  0.000E+00
                                          9      5.782  1.581E-01  1.581E-01  0.000E+00
                                          4      6.517  9.302E-03  9.302E-03  0.000E+00
107   8.375740  -1.0  0   0.00E+00  9 0                          0                      
                                         96      1.514  4.724E-01  4.724E-01  0.000E+00
                                         72      4.173  1.969E-02  1.969E-02  0.000E+00
                                         68      4.238  5.118E-02  5.118E-02  0.000E+00
                                         62      4.353  7.087E-02  7.087E-02  0.000E+00
                                         59      4.418  1.260E-01  1.260E-01  0.000E+00
                                         56      4.478  3.937E-02  3.937E-02  0.000E+00
                                         34      4.994  4.331E-02  4.331E-02  0.000E+00
                                         27      5.236  1.102E-01  1.102E-01  0.000E+00
                                         20      5.440  6.693E-02  6.693E-02  0.000E+00
108   8.440150  -1.0  0   0.00E+00 11 0                          0                      
                                         84      4.000  3.521E-02  3.521E-02  0.000E+00
                                         83      4.027  7.746E-02  7.746E-02  0.000E+00
                                         71      4.249  1.197E-01  1.197E-01  0.000E+00
                                         64      4.395  1.620E-01  1.620E-01  0.000E+00
                                         57      4.507  1.479E-01  1.479E-01  0.000E+00
                                         56      4.542  1.549E-01  1.549E-01  0.000E+00
                                         43      4.755  1.268E-01  1.268E-01  0.000E+00
                                         39      4.962  9.155E-02  9.155E-02  0.000E+00
                                         32      5.081  7.042E-02  7.042E-02  0.000E+00
                                          3      7.236  1.408E-02  1.408E-02  0.000E+00
                                          1      8.440  0.000E+00  0.000E+00  0.000E+00
109   8.560200  -1.0  0   0.00E+00  8 0                          0                      
                                        100      1.201  4.377E-01  4.377E-01  0.000E+00
                                         83      4.147  3.367E-02  3.367E-02  0.000E+00
                                         76      4.322  3.704E-02  3.704E-02  0.000E+00
                                         58      4.619  3.030E-02  3.030E-02  0.000E+00
                                         54      4.686  2.391E-01  2.391E-01  0.000E+00
                                         48      4.788  5.051E-02  5.051E-02  0.000E+00
                                         26      5.455  7.071E-02  7.071E-02  0.000E+00
                                         22      5.586  1.010E-01  1.010E-01  0.000E+00
110   8.873340  -1.0  0   0.00E+00  8 0                          0                      
                                        100      1.514  3.093E-01  3.093E-01  0.000E+00
                                         93      3.114  1.546E-02  1.546E-02  0.000E+00
                                         80      4.529  4.639E-02  4.639E-02  0.000E+00
                                         61      4.877  5.155E-02  5.155E-02  0.000E+00
                                         58      4.932  1.907E-01  1.907E-01  0.000E+00
                                         54      4.999  7.732E-02  7.732E-02  0.000E+00
                                         28      5.698  3.093E-01  3.093E-01  0.000E+00
                                          1      8.873  0.000E+00  0.000E+00  0.000E+00
111   8.928160  -1.0  0   0.00E+00 17 0                          0                      
                                         96      2.066  3.359E-02  3.359E-02  0.000E+00
                                         95      2.994  3.359E-02  3.359E-02  0.000E+00
                                         89      3.955  8.637E-02  8.637E-02  0.000E+00
                                         88      4.087  6.718E-02  6.718E-02  0.000E+00
                                         80      4.584  3.839E-02  3.839E-02  0.000E+00
                                         69      4.783  7.198E-02  7.198E-02  0.000E+00
                                         61      4.932  1.775E-01  1.775E-01  0.000E+00
                                         57      4.995  5.278E-02  5.278E-02  0.000E+00
                                         54      5.054  1.152E-01  1.152E-01  0.000E+00
                                         51      5.121  7.198E-02  7.198E-02  0.000E+00
                                         46      5.207  5.758E-02  5.758E-02  0.000E+00
                                         39      5.450  3.599E-02  3.599E-02  0.000E+00
                                         34      5.546  1.056E-01  1.056E-01  0.000E+00
                                         31      5.612  1.296E-02  1.296E-02  0.000E+00
                                         24      5.879  2.351E-02  2.351E-02  0.000E+00
                                         16      6.231  1.583E-02  1.583E-02  0.000E+00
                                          1      8.928  0.000E+00  0.000E+00  0.000E+00
112   9.004470  -1.0  0   0.00E+00  7 0                          0                      
                                         97      2.012  1.649E-01  1.649E-01  0.000E+00
                                         94      3.078  9.893E-02  9.893E-02  0.000E+00
                                         93      3.246  6.595E-02  6.595E-02  0.000E+00
                                         90      3.896  2.143E-01  2.143E-01  0.000E+00
                                         87      4.374  4.369E-02  4.369E-02  0.000E+00
                                         51      5.197  4.122E-01  4.122E-01  0.000E+00
                                          1      9.004  0.000E+00  0.000E+00  0.000E+00
113   9.133810  -1.0  0   0.00E+00  8 0                          0                      
                                        104      1.432  1.174E-01  1.174E-01  0.000E+00
                                         95      3.200  4.049E-02  4.049E-02  0.000E+00
                                         92      3.698  8.502E-02  8.502E-02  0.000E+00
                                         64      5.088  1.174E-01  1.174E-01  0.000E+00
                                         58      5.192  8.907E-02  8.907E-02  0.000E+00
                                         52      5.302  1.012E-01  1.012E-01  0.000E+00
                                         48      5.362  4.494E-01  4.494E-01  0.000E+00
                                          1      9.133  0.000E+00  0.000E+00  0.000E+00
114   9.457940  -1.0  0   0.00E+00 11 0                          0                      
                                        104      1.756  2.520E-01  2.520E-01  0.000E+00
                                         96      2.596  2.775E-02  2.775E-02  0.000E+00
                                         95      3.524  6.474E-02  6.474E-02  0.000E+00
                                         79      5.118  0.000E+00  0.000E+00  0.000E+00
                                         78      5.166  3.006E-01  3.006E-01  0.000E+00
                                         76      5.220  4.393E-02  4.393E-02  0.000E+00
                                         72      5.255  5.780E-02  5.780E-02  0.000E+00
                                         61      5.462  1.133E-02  1.133E-02  0.000E+00
                                         59      5.500  1.064E-02  1.064E-02  0.000E+00
                                         56      5.560  1.896E-01  1.896E-01  0.000E+00
                                         53      5.622  4.162E-02  4.162E-02  0.000E+00
115  10.196056   4.0  1   0.00E+00 75 1                   4+,5+  0                      
                                        112      1.192  2.383E-02  2.383E-02  0.000E+00
                                        111      1.268  1.907E-02  1.907E-02  0.000E+00
                                        110      1.323  2.383E-02  2.383E-02  0.000E+00
                                        109      1.636  3.289E-02  3.289E-02  0.000E+00
                                        106      2.215  1.001E-02  1.001E-02  0.000E+00
                                        105      2.314  2.240E-02  2.240E-02  0.000E+00
                                        102      2.617  9.295E-03  9.295E-03  0.000E+00
                                        101      2.702  7.150E-03  7.150E-03  0.000E+00
                                        100      2.837  2.383E-03  2.383E-03  0.000E+00
                                         94      4.269  5.005E-03  5.005E-03  0.000E+00
                                         93      4.437  6.673E-03  6.673E-03  0.000E+00
                                         91      5.064  2.503E-02  2.503E-02  0.000E+00
                                         90      5.088  2.288E-02  2.288E-02  0.000E+00
                                         89      5.223  1.835E-02  1.835E-02  0.000E+00
                                         88      5.355  1.740E-02  1.740E-02  0.000E+00
                                         87      5.565  1.573E-02  1.573E-02  0.000E+00
                                         86      5.668  1.359E-02  1.359E-02  0.000E+00
                                         84      5.756  1.573E-02  1.573E-02  0.000E+00
                                         83      5.782  1.168E-02  1.168E-02  0.000E+00
                                         82      5.787  1.311E-02  1.311E-02  0.000E+00
                                         81      5.828  1.073E-02  1.073E-02  0.000E+00
                                         80      5.852  1.907E-03  1.907E-03  0.000E+00
                                         79      5.856  4.767E-03  4.767E-03  0.000E+00
                                         75      5.961  1.239E-02  1.239E-02  0.000E+00
                                         74      5.978  6.435E-03  6.435E-03  0.000E+00
                                         73      5.991  1.096E-02  1.096E-02  0.000E+00
                                         70      6.040  1.096E-02  1.096E-02  0.000E+00
                                         69      6.051  1.096E-03  1.096E-03  0.000E+00
                                         68      6.059  1.668E-03  1.668E-03  0.000E+00
                                         66      6.102  1.263E-02  1.263E-02  0.000E+00
                                         65      6.131  8.342E-03  8.342E-03  0.000E+00
                                         63      6.165  9.533E-03  9.533E-03  0.000E+00
                                         62      6.173  1.621E-02  1.621E-02  0.000E+00
                                         61      6.200  2.860E-02  2.860E-02  0.000E+00
                                         59      6.238  7.388E-03  7.388E-03  0.000E+00
                                         58      6.255  1.430E-03  1.430E-03  0.000E+00
                                         57      6.263  9.533E-04  9.533E-04  0.000E+00
                                         53      6.360  1.907E-02  1.907E-02  0.000E+00
                                         52      6.364  2.383E-02  2.383E-02  0.000E+00
                                         51      6.389  9.057E-03  9.057E-03  0.000E+00
                                         50      6.405  2.217E-02  2.217E-02  0.000E+00
                                         46      6.475  4.767E-03  4.767E-03  0.000E+00
                                         45      6.489  1.001E-02  1.001E-02  0.000E+00
                                         43      6.510  5.720E-03  5.720E-03  0.000E+00
                                         42      6.544  1.120E-02  1.120E-02  0.000E+00
                                         40      6.680  1.811E-02  1.811E-02  0.000E+00
                                         39      6.717  4.767E-02  4.767E-02  0.000E+00
                                         38      6.760  2.145E-03  2.145E-03  0.000E+00
                                         37      6.771  2.145E-03  2.145E-03  0.000E+00
                                         36      6.786  1.907E-02  1.907E-02  0.000E+00
                                         35      6.803  2.145E-03  2.145E-03  0.000E+00
                                         34      6.814  1.907E-02  1.907E-02  0.000E+00
                                         33      6.822  2.860E-03  2.860E-03  0.000E+00
                                         31      6.880  6.912E-03  6.912E-03  0.000E+00
                                         30      6.924  8.818E-03  8.818E-03  0.000E+00
                                         28      7.020  1.001E-02  1.001E-02  0.000E+00
                                         26      7.091  4.052E-02  4.052E-02  0.000E+00
                                         25      7.114  9.533E-03  9.533E-03  0.000E+00
                                         24      7.147  9.057E-03  9.057E-03  0.000E+00
                                         23      7.162  6.673E-03  6.673E-03  0.000E+00
                                         22      7.222  1.883E-02  1.883E-02  0.000E+00
                                         20      7.260  6.435E-02  6.435E-02  0.000E+00
                                         19      7.270  6.435E-03  6.435E-03  0.000E+00
                                         18      7.360  3.813E-03  3.813E-03  0.000E+00
                                         17      7.367  9.772E-03  9.772E-03  0.000E+00
                                         15      7.502  1.692E-02  1.692E-02  0.000E+00
                                         14      7.526  4.767E-03  4.767E-03  0.000E+00
                                         12      7.626  8.103E-03  8.103E-03  0.000E+00
                                         11      7.659  3.337E-03  3.337E-03  0.000E+00
                                          9      7.998  5.720E-04  5.720E-04  0.000E+00
                                          8      8.030  2.789E-02  2.789E-02  0.000E+00
                                          6      8.498  2.860E-02  2.860E-02  0.000E+00
                                          4      8.732  3.051E-02  3.051E-02  0.000E+00
                                          3      8.991  4.219E-04  4.219E-04  0.000E+00
                                          2      9.600  3.098E-03  3.098E-03  0.000E+00
