 93Mo   93   42    4    5    3    0    8.069810    7.642760
  1   0.000000  -1.0  0  -1.00E+00  0 0                          0                      
  2   0.943600  -1.0  0   0.00E+00  1 0                          0                      
                                          1      0.944  1.000E+00  1.000E+00  0.000E+00
  3   1.492200  -1.0  0   0.00E+00  1 0                          0                      
                                          1      1.492  1.000E+00  1.000E+00  0.000E+00
  4   8.070000   0.5  1   0.00E+00  3 0                    1/2+  0                      
                                          3      6.578  2.155E-01  2.155E-01  0.000E+00
                                          2      7.126  6.897E-01  6.897E-01  0.000E+00
                                          1      8.070  9.483E-02  9.483E-02  0.000E+00
