101Ru  101   44   25   32   11    3    6.802040    9.226133
  1   0.000000   2.5  1  -1.00E+00  0 0                    5/2+  0                      
  2   0.127180   1.5  1   0.00E+00  1 0                    3/2+  0                      
                                          1      0.127  1.000E+00  1.000E+00  0.000E+00
  3   0.535200   1.5  1   0.00E+00  1 0                    3/2+  0                      
                                          1      0.535  1.000E+00  1.000E+00  0.000E+00
  4   0.720000   0.5  0   0.00E+00  0 1                 1/2,3/2  0                      
  5   0.975100   0.5  0   0.00E+00  0 1                 1/2,3/2  0                      
  6   1.499200   0.5  0   0.00E+00  1 1                 1/2,3/2  0                      
                                          1      1.499  1.000E+00  1.000E+00  0.000E+00
  7   1.842800   0.5  0   0.00E+00  1 1                 1/2,3/2  0                      
                                          1      1.843  1.000E+00  1.000E+00  0.000E+00
  8   1.880000   0.5  0   0.00E+00  0 1                 1/2,3/2  0                      
  9   1.961400   0.5  0   0.00E+00  0 1                 1/2,3/2  0                      
 10   1.970900   0.5  0   0.00E+00  0 1                 1/2,3/2  0                      
 11   1.996900   0.5  0   0.00E+00  0 1                 1/2,3/2  0                      
 12   2.016900   0.5  0   0.00E+00  0 1                 1/2,3/2  0                      
 13   2.086600   0.5  0   0.00E+00  0 1                 1/2,3/2  0                      
 14   2.317600   0.5  0   0.00E+00  1 1                 1/2,3/2  0                      
                                          1      2.318  1.000E+00  1.000E+00  0.000E+00
 15   2.326700   0.5  0   0.00E+00  1 1                 1/2,3/2  0                      
                                          1      2.327  1.000E+00  1.000E+00  0.000E+00
 16   2.560800   0.5  0   0.00E+00  0 1                 1/2,3/2  0                      
 17   2.601300   0.5  0   0.00E+00  0 1                 1/2,3/2  0                      
 18   2.624300   0.5  0   0.00E+00  1 1                 1/2,3/2  0                      
                                          1      2.624  1.000E+00  1.000E+00  0.000E+00
 19   2.659600   0.5  0   0.00E+00  0 1                 1/2,3/2  0                      
 20   2.766500   0.5  0   0.00E+00  1 1                 1/2,3/2  0                      
                                          1      2.766  1.000E+00  1.000E+00  0.000E+00
 21   2.878000   0.5  0   0.00E+00  1 1                 1/2,3/2  0                      
                                          1      2.878  1.000E+00  1.000E+00  0.000E+00
 22   3.285900   0.5  0   0.00E+00  0 1                 1/2,3/2  0                      
 23   3.395400   0.5  0   0.00E+00  0 1                 1/2,3/2  0                      
 24   4.044000  -1.0  0   0.00E+00  1 0                          0                      
                                          1      4.044  1.000E+00  1.000E+00  0.000E+00
 25   6.802040   0.5  1   0.00E+00 22 0                    1/2+  0                      
                                         23      3.407  1.847E-02  1.847E-02  0.000E+00
                                         22      3.516  2.424E-02  2.424E-02  0.000E+00
                                         21      3.924  2.424E-02  2.424E-02  0.000E+00
                                         20      4.035  4.041E-02  4.041E-02  0.000E+00
                                         19      4.142  4.849E-02  4.849E-02  0.000E+00
                                         18      4.178  1.847E-02  1.847E-02  0.000E+00
                                         17      4.201  1.154E-02  1.154E-02  0.000E+00
                                         16      4.241  4.849E-02  4.849E-02  0.000E+00
                                         15      4.475  4.272E-02  4.272E-02  0.000E+00
                                         14      4.484  6.580E-02  6.580E-02  0.000E+00
                                         13      4.715  9.005E-02  9.005E-02  0.000E+00
                                         12      4.785  9.236E-03  9.236E-03  0.000E+00
                                         11      4.805  4.502E-02  4.502E-02  0.000E+00
                                         10      4.831  1.154E-02  1.154E-02  0.000E+00
                                          9      4.840  1.501E-02  1.501E-02  0.000E+00
                                          8      4.922  7.273E-02  7.273E-02  0.000E+00
                                          7      4.959  1.154E-02  1.154E-02  0.000E+00
                                          6      5.303  1.235E-01  1.235E-01  0.000E+00
                                          5      5.827  2.655E-02  2.655E-02  0.000E+00
                                          4      6.082  6.003E-03  6.003E-03  0.000E+00
                                          3      6.267  2.078E-01  2.078E-01  0.000E+00
                                          2      6.675  3.810E-02  3.810E-02  0.000E+00
