103Pd  103   46    5    4    3    4    7.625335    7.962635
  1   0.000000   2.5  1  -1.00E+00  0 0                    5/2+  0                      
  2   0.118680   1.5  1   0.00E+00  1 0                    3/2+  0                      
                                          1      0.119  1.000E+00  1.000E+00  0.000E+00
  3   0.266856   2.5  1   0.00E+00  1 0                  5 5/2+  0                      
                                          1      0.267  1.000E+00  1.000E+00  0.000E+00
  4   0.504100   0.5  1   0.00E+00  2 0                    1/2+  0                      
                                          2      0.385  6.833E-01  6.833E-01  0.000E+00
                                          1      0.504  3.167E-01  3.167E-01  0.000E+00
  5   7.625600  -1.0  0   0.00E+00  0 0                          0                      
