107Pd  107   46    7    7    6    5    6.536429    9.298969
  1   0.000000   2.5  1  -1.00E+00  0 0                    5/2+  0                      
  2   0.115860   0.5  1   8.60E-07  1 0                    1/2+  0                      
                                          1      0.116  1.000E+00  1.000E+00  0.000E+00
  3   0.214900   5.5 -1   2.13E+01  1 0                   11/2-  0                      
                                          1      0.215  0.000E+00  0.000E+00  0.000E+00
  4   0.302540   2.5  1   0.00E+00  1 0                    5/2+  0                      
                                          1      0.303  1.000E+00  1.000E+00  0.000E+00
  5   0.381810   1.5  1   0.00E+00  2 0                    3/2+  0                      
                                          2      0.266  2.985E-01  2.985E-01  0.000E+00
                                          1      0.382  7.015E-01  7.015E-01  0.000E+00
  6   0.471290   1.5  1   0.00E+00  1 0                  (3/2)+  0                      
                                          1      0.471  1.000E+00  1.000E+00  0.000E+00
  7   6.536400   0.5  1   0.00E+00  1 0                    1/2+  0                      
                                          4      6.234  1.000E+00  1.000E+00  0.000E+00
