112Cd  112   48    6    5    4    5    9.393928    9.648381
  1   0.000000   0.0  1  -1.00E+00  0 0                      0+  0                      
  2   0.617580   2.0  1   0.00E+00  1 0                      2+  0                      
                                          1      0.618  1.000E+00  1.000E+00  0.000E+00
  3   1.224420   0.0  1   0.00E+00  1 0                      0+  0                      
                                          2      0.607  1.000E+00  1.000E+00  0.000E+00
  4   1.415650   4.0  1   0.00E+00  1 0                      4+  0                      
                                          2      0.798  1.000E+00  1.000E+00  0.000E+00
  5   1.468830   2.0  1   0.00E+00  2 0                      2+  0                      
                                          2      0.851  6.296E-01  6.296E-01  0.000E+00
                                          1      1.469  3.704E-01  3.704E-01  0.000E+00
  6   9.893100   0.0  1   0.00E+00  0 1                   0+,1+  0                      
