116In  116   49   68  179   66    1    6.784720    7.454250
  1   0.000000   1.0  1   1.41E+01  0 0                      1+  0                      
  2   0.127264   5.0  1   3.25E+03  0 0                      5+  0                      
  3   0.223327   4.0  1   1.39E-10  1 0                      4+  0                      
                                          2      0.096  1.000E+00  1.000E+00  0.000E+00
  4   0.272966   2.0  1   6.90E-11  1 0                      2+  0                      
                                          1      0.273  1.000E+00  1.000E+00  0.000E+00
  5   0.289657   8.0 -1   2.18E+00  1 0                      8-  0                      
                                          2      0.162  0.000E+00  0.000E+00  0.000E+00
  6   0.313474   4.0  1   6.31E-10  2 1                   4+,5+  0                      
                                          3      0.090  2.251E-03  2.251E-03  0.000E+00
                                          2      0.186  9.977E-01  9.977E-01  0.000E+00
  7   0.350573   7.0 -1   0.00E+00  1 0                      7-  0                      
                                          5      0.061  1.000E+00  1.000E+00  0.000E+00
  8   0.366415   7.0 -1   0.00E+00  1 1                7-,8-,9-  0                      
                                          5      0.077  1.000E+00  1.000E+00  0.000E+00
  9   0.373369   6.0 -1   0.00E+00  2 0                      6-  0                      
                                          7      0.023  9.614E-01  9.614E-01  0.000E+00
                                          2      0.246  3.859E-02  3.859E-02  0.000E+00
 10   0.425929   4.0  1   2.08E-10  3 0                      4+  0                      
                                          6      0.112  1.024E-01  1.024E-01  0.000E+00
                                          3      0.203  2.003E-01  2.003E-01  0.000E+00
                                          2      0.299  6.973E-01  6.973E-01  0.000E+00
 11   0.448032   1.0 -1   0.00E+00  1 1                1-,2-,3-  0                      
                                          4      0.175  1.000E+00  1.000E+00  0.000E+00
 12   0.458938   5.0 -1   0.00E+00  1 0                      5-  0                      
                                          9      0.086  1.000E+00  1.000E+00  0.000E+00
 13   0.459998   4.0  1   1.39E-10  1 1                   4+,5+  0                      
                                          6      0.147  1.000E+00  1.000E+00  0.000E+00
 14   0.508241   3.0  1   1.04E-10  3 0                      3+  0                      
                                         10      0.082  2.236E-02  2.236E-02  0.000E+00
                                          4      0.235  5.096E-01  5.096E-01  0.000E+00
                                          3      0.285  4.680E-01  4.680E-01  0.000E+00
 15   0.554975   4.0 -1   1.39E-10  2 1                   4-,5-  0                      
                                         12      0.096  1.000E+00  1.000E+00  0.000E+00
                                          1      0.555  0.000E+00  0.000E+00  0.000E+00
 16   0.556846   2.0 -1   0.00E+00  1 0                      2-  0                      
                                          1      0.557  1.000E+00  1.000E+00  0.000E+00
 17   0.648925   6.0  1   0.00E+00  2 1              6+,(4+,5+)  0                      
                                          6      0.335  9.827E-01  9.827E-01  0.000E+00
                                          2      0.522  1.728E-02  1.728E-02  0.000E+00
 18   0.658077   3.0  1   1.39E-10  1 0                      3+  0                      
                                          4      0.385  1.000E+00  1.000E+00  0.000E+00
 19   0.665626   7.0  1   0.00E+00  3 1                   7+,8+  0                      
                                          8      0.299  6.162E-02  6.162E-02  0.000E+00
                                          7      0.315  1.933E-01  1.933E-01  0.000E+00
                                          5      0.376  7.451E-01  7.451E-01  0.000E+00
 20   0.728861   3.0 -1   1.04E-10  1 0                      3-  0                      
                                         15      0.174  1.000E+00  1.000E+00  0.000E+00
 21   0.735688   4.0  1   0.00E+00  2 1                   4+,5+  0                      
                                          6      0.422  3.263E-01  3.263E-01  0.000E+00
                                          2      0.608  6.737E-01  6.737E-01  0.000E+00
 22   0.744829   3.0  1   0.00E+00  2 0                      3+  0                      
                                          3      0.522  8.979E-01  8.979E-01  0.000E+00
                                          2      0.618  1.021E-01  1.021E-01  0.000E+00
 23   0.761007   6.0  1   0.00E+00  7 1                   6+,7+  0                      
                                         19      0.095  1.176E-01  1.176E-01  0.000E+00
                                         17      0.112  2.822E-02  2.822E-02  0.000E+00
                                          9      0.388  4.045E-02  4.045E-02  0.000E+00
                                          7      0.410  8.114E-02  8.114E-02  0.000E+00
                                          6      0.448  4.586E-02  4.586E-02  0.000E+00
                                          5      0.471  5.056E-01  5.056E-01  0.000E+00
                                          2      0.634  1.811E-01  1.811E-01  0.000E+00
 24   0.771010   0.0  1   0.00E+00  1 1           (0+,1+,2+,3+)  0                      
                                          1      0.771  1.000E+00  1.000E+00  0.000E+00
 25   0.787180   1.0 -1   0.00E+00  3 1              (1-,2-,3-)  0                      
                                         16      0.230  1.607E-01  1.607E-01  0.000E+00
                                         11      0.339  8.393E-01  8.393E-01  0.000E+00
                                          1      0.787  0.000E+00  0.000E+00  0.000E+00
 26   0.789381   5.0  1   0.00E+00  3 1                5+,6+,7+  0                      
                                         17      0.140  4.051E-01  4.051E-01  0.000E+00
                                          6      0.476  4.821E-01  4.821E-01  0.000E+00
                                          2      0.662  1.128E-01  1.128E-01  0.000E+00
 27   0.790924   3.0  1   0.00E+00  4 0                      3+  0                      
                                         18      0.133  2.645E-02  2.645E-02  0.000E+00
                                         10      0.365  1.208E-01  1.208E-01  0.000E+00
                                          4      0.518  6.384E-01  6.384E-01  0.000E+00
                                          3      0.568  2.143E-01  2.143E-01  0.000E+00
 28   0.813350   4.0  1   0.00E+00  4 0                      4+  0                      
                                         18      0.155  5.221E-01  5.221E-01  0.000E+00
                                         14      0.305  2.737E-01  2.737E-01  0.000E+00
                                          6      0.500  7.789E-02  7.789E-02  0.000E+00
                                          4      0.540  1.263E-01  1.263E-01  0.000E+00
 29   0.829136   4.0  1   1.39E-10  5 0                      4+  0                      
                                         22      0.084  1.425E-01  1.425E-01  0.000E+00
                                         18      0.171  3.715E-01  3.715E-01  0.000E+00
                                         14      0.321  2.484E-01  2.484E-01  0.000E+00
                                          6      0.516  6.479E-02  6.479E-02  0.000E+00
                                          4      0.556  1.728E-01  1.728E-01  0.000E+00
 30   0.850491   3.0 -1   0.00E+00  3 0                      3-  0                      
                                         16      0.294  2.240E-01  2.240E-01  0.000E+00
                                         15      0.296  4.643E-01  4.643E-01  0.000E+00
                                          4      0.578  3.117E-01  3.117E-01  0.000E+00
 31   0.875330   3.0 -1   0.00E+00  2 0                      3-  0                      
                                         16      0.318  1.734E-01  1.734E-01  0.000E+00
                                          4      0.602  8.266E-01  8.266E-01  0.000E+00
 32   0.892663   4.0 -1   0.00E+00  6 1                   4-,5-  0                      
                                         30      0.042  1.385E-02  1.385E-02  0.000E+00
                                         20      0.164  5.333E-02  5.333E-02  0.000E+00
                                         16      0.336  2.388E-02  2.388E-02  0.000E+00
                                         15      0.338  2.006E-01  2.006E-01  0.000E+00
                                         14      0.384  2.308E-01  2.308E-01  0.000E+00
                                         12      0.434  4.776E-01  4.776E-01  0.000E+00
 33   0.910790   2.0  1   0.00E+00  3 0                      2+  0                      
                                         18      0.253  5.263E-01  5.263E-01  0.000E+00
                                         14      0.403  4.737E-01  4.737E-01  0.000E+00
                                          1      0.911  0.000E+00  0.000E+00  0.000E+00
 34   0.914500  -1.0  0   0.00E+00  1 0                          0                      
                                          1      0.914  0.000E+00  0.000E+00  0.000E+00
 35   0.920680  -1.0  1   0.00E+00  2 0                       +  0                      
                                         24      0.150  3.690E-01  3.690E-01  0.000E+00
                                          4      0.648  6.310E-01  6.310E-01  0.000E+00
 36   0.949314   4.0  1   0.00E+00  6 1                   4+,5+  0                      
                                         26      0.160  2.756E-01  2.756E-01  0.000E+00
                                         21      0.214  1.648E-01  1.648E-01  0.000E+00
                                         17      0.300  1.159E-01  1.159E-01  0.000E+00
                                         15      0.394  7.546E-02  7.546E-02  0.000E+00
                                         13      0.489  1.622E-01  1.622E-01  0.000E+00
                                         12      0.490  2.060E-01  2.060E-01  0.000E+00
 37   0.951471   4.0 -1   0.00E+00  5 0                      4-  0                      
                                         20      0.223  4.287E-02  4.287E-02  0.000E+00
                                         18      0.293  7.976E-02  7.976E-02  0.000E+00
                                         15      0.396  1.017E-01  1.017E-01  0.000E+00
                                         14      0.443  1.157E-01  1.157E-01  0.000E+00
                                         12      0.493  6.600E-01  6.600E-01  0.000E+00
 38   0.970307   3.0  1   0.00E+00  6 1                3+,4+,5+  0                      
                                         29      0.141  5.612E-01  5.612E-01  0.000E+00
                                         28      0.157  6.018E-02  6.018E-02  0.000E+00
                                         26      0.181  3.414E-02  3.414E-02  0.000E+00
                                         22      0.225  4.140E-02  4.140E-02  0.000E+00
                                         21      0.235  1.515E-01  1.515E-01  0.000E+00
                                          3      0.747  1.515E-01  1.515E-01  0.000E+00
 39   0.972600  -1.0  0   0.00E+00  1 0                          0                      
                                          1      0.973  0.000E+00  0.000E+00  0.000E+00
 40   1.007659   6.0 -1   0.00E+00  4 0                      6-  0                      
                                         32      0.115  8.275E-02  8.275E-02  0.000E+00
                                         12      0.549  3.539E-01  3.539E-01  0.000E+00
                                          9      0.634  2.958E-01  2.958E-01  0.000E+00
                                          7      0.657  2.676E-01  2.676E-01  0.000E+00
 41   1.015490   4.0 -1   0.00E+00  2 1                   4-,5-  0                      
                                         28      0.202  0.000E+00  0.000E+00  0.000E+00
                                          3      0.792  1.000E+00  1.000E+00  0.000E+00
 42   1.019035   3.0 -1   1.04E-10  3 1                3-,4-,5-  0                      
                                         32      0.126  8.138E-01  8.138E-01  0.000E+00
                                         31      0.144  1.322E-02  1.322E-02  0.000E+00
                                         12      0.560  1.729E-01  1.729E-01  0.000E+00
 43   1.031227   4.0  1   0.00E+00  4 0                      4+  0                      
                                         28      0.218  1.532E-01  1.532E-01  0.000E+00
                                         27      0.240  2.957E-01  2.957E-01  0.000E+00
                                         18      0.373  2.554E-01  2.554E-01  0.000E+00
                                          3      0.808  2.957E-01  2.957E-01  0.000E+00
 44   1.052646   5.0 -1   0.00E+00  4 0                      5-  0                      
                                         40      0.045  1.145E-01  1.145E-01  0.000E+00
                                         37      0.101  1.430E-01  1.430E-01  0.000E+00
                                         30      0.202  2.133E-01  2.133E-01  0.000E+00
                                         15      0.498  5.292E-01  5.292E-01  0.000E+00
 45   1.057342  -1.0  1   0.00E+00  2 0                       +  0                      
                                         26      0.268  4.262E-01  4.262E-01  0.000E+00
                                         21      0.322  5.738E-01  5.738E-01  0.000E+00
 46   1.070870   3.0  1   0.00E+00  2 1               3+,(4,5)+  0                      
                                         15      0.516  1.004E-01  1.004E-01  0.000E+00
                                          3      0.848  8.996E-01  8.996E-01  0.000E+00
 47   1.072400   4.0 -1   0.00E+00  1 1                   4-,5-  0                      
                                          1      1.072  0.000E+00  0.000E+00  0.000E+00
 48   1.081510   6.0 -1   0.00E+00  1 0                      6-  0                      
                                         12      0.623  1.000E+00  1.000E+00  0.000E+00
 49   1.081876   5.0  1   0.00E+00  1 1                 5+,(4)+  0                      
                                         27      0.291  1.000E+00  1.000E+00  0.000E+00
 50   1.096000  -1.0  0   0.00E+00  1 0                          0                      
                                          1      1.096  0.000E+00  0.000E+00  0.000E+00
 51   1.122000  -1.0  0   0.00E+00  1 0                          0                      
                                          1      1.122  0.000E+00  0.000E+00  0.000E+00
 52   1.152230   6.0 -1   0.00E+00  1 1                 6-,(6+)  0                      
                                         12      0.693  1.000E+00  1.000E+00  0.000E+00
 53   1.167045  -1.0  1   0.00E+00  2 0                       +  0                      
                                         38      0.197  2.203E-01  2.203E-01  0.000E+00
                                         17      0.518  7.797E-01  7.797E-01  0.000E+00
 54   1.187900  -1.0  0   0.00E+00  1 0                          0                      
                                          1      1.188  0.000E+00  0.000E+00  0.000E+00
 55   1.204390   6.0  1   0.00E+00  2 1                 6+,(7+)  0                      
                                         17      0.555  1.000E+00  1.000E+00  0.000E+00
                                          1      1.204  0.000E+00  0.000E+00  0.000E+00
 56   1.213470   4.0  1   0.00E+00  3 1                   4+,5+  0                      
                                         38      0.243  2.750E-01  2.750E-01  0.000E+00
                                         22      0.469  7.250E-01  7.250E-01  0.000E+00
                                          1      1.213  0.000E+00  0.000E+00  0.000E+00
 57   1.252500  -1.0  0   0.00E+00  1 0                          0                      
                                          1      1.252  0.000E+00  0.000E+00  0.000E+00
 58   1.284800  -1.0  0   0.00E+00  1 0                          0                      
                                          1      1.285  0.000E+00  0.000E+00  0.000E+00
 59   1.285750   4.0 -1   0.00E+00  1 1                   4-,5-  0                      
                                         32      0.393  1.000E+00  1.000E+00  0.000E+00
 60   1.302200   4.0  0   0.00E+00  1 1                    4,5+  0                      
                                          1      1.302  0.000E+00  0.000E+00  0.000E+00
 61   1.341800  -1.0  0   0.00E+00  1 0                          0                      
                                          1      1.342  0.000E+00  0.000E+00  0.000E+00
 62   1.374020   4.0 -1   0.00E+00  1 1                   4-,5-  0                      
                                         15      0.819  1.000E+00  1.000E+00  0.000E+00
 63   1.399780   5.0  1   0.00E+00  3 0                      5+  0                      
                                         43      0.369  1.372E-01  1.372E-01  0.000E+00
                                         28      0.586  3.163E-01  3.163E-01  0.000E+00
                                         22      0.655  5.465E-01  5.465E-01  0.000E+00
 64   1.425700  -1.0  0   0.00E+00  1 0                          0                      
                                          1      1.426  0.000E+00  0.000E+00  0.000E+00
 65   1.437100  -1.0  0   0.00E+00  1 0                          0                      
                                          1      1.437  0.000E+00  0.000E+00  0.000E+00
 66   1.451040  -1.0  0   0.00E+00  3 0                          0                      
                                         22      0.706  2.454E-01  2.454E-01  0.000E+00
                                         15      0.896  1.963E-01  1.963E-01  0.000E+00
                                         12      0.992  5.583E-01  5.583E-01  0.000E+00
 67   1.465900  -1.0  0   0.00E+00  1 0                          0                      
                                          1      1.466  0.000E+00  0.000E+00  0.000E+00
 68   6.784720   5.0  1   0.00E+00 35 1                   5+,4+  0                      
                                         66      5.334  1.279E-01  1.279E-01  0.000E+00
                                         65      5.347  5.203E-02  5.203E-02  0.000E+00
                                         64      5.359  7.331E-02  7.331E-02  0.000E+00
                                         63      5.385  5.462E-03  5.462E-03  0.000E+00
                                         62      5.411  7.618E-02  7.618E-02  0.000E+00
                                         61      5.443  1.064E-02  1.064E-02  0.000E+00
                                         60      5.482  3.378E-02  3.378E-02  0.000E+00
                                         58      5.500  3.665E-02  3.665E-02  0.000E+00
                                         57      5.532  2.587E-03  2.587E-03  0.000E+00
                                         56      5.571  2.012E-02  2.012E-02  0.000E+00
                                         55      5.580  3.162E-02  3.162E-02  0.000E+00
                                         54      5.597  2.300E-03  2.300E-03  0.000E+00
                                         53      5.618  3.450E-03  3.450E-03  0.000E+00
                                         51      5.663  3.450E-03  3.450E-03  0.000E+00
                                         50      5.689  2.300E-03  2.300E-03  0.000E+00
                                         48      5.703  3.594E-03  3.594E-03  0.000E+00
                                         46      5.714  7.043E-03  7.043E-03  0.000E+00
                                         44      5.732  1.322E-02  1.322E-02  0.000E+00
                                         43      5.753  1.322E-02  1.322E-02  0.000E+00
                                         41      5.769  4.341E-02  4.341E-02  0.000E+00
                                         40      5.777  1.437E-02  1.437E-02  0.000E+00
                                         39      5.812  2.343E-02  2.343E-02  0.000E+00
                                         36      5.835  1.021E-02  1.021E-02  0.000E+00
                                         32      5.892  3.019E-01  3.019E-01  0.000E+00
                                         27      5.994  3.594E-03  3.594E-03  0.000E+00
                                         21      6.049  1.035E-02  1.035E-02  0.000E+00
                                         20      6.056  0.000E+00  0.000E+00  0.000E+00
                                         18      6.126  3.881E-03  3.881E-03  0.000E+00
                                         17      6.136  1.279E-02  1.279E-02  0.000E+00
                                         15      6.230  1.222E-02  1.222E-02  0.000E+00
                                         14      6.276  1.006E-03  1.006E-03  0.000E+00
                                         12      6.326  1.725E-02  1.725E-02  0.000E+00
                                          9      6.411  2.156E-02  2.156E-02  0.000E+00
                                          6      6.471  1.581E-03  1.581E-03  0.000E+00
                                          3      6.561  3.594E-03  3.594E-03  0.000E+00
