119Sn  119   50   10   10    8    2    6.483460   10.125779
  1   0.000000   0.5  1  -1.00E+00  0 0                    1/2+  0                      
  2   0.023610   1.5  1   0.00E+00  1 0                    3/2+  0                      
                                          1      0.024  0.000E+00  0.000E+00  0.000E+00
  3   0.089500   5.5 -1   2.53E+07  0 0                   11/2-  0                      
  4   0.786670   3.5  1   0.00E+00  1 0                    7/2+  0                      
                                          2      0.763  1.000E+00  1.000E+00  0.000E+00
  5   0.920880   2.5  1   0.00E+00  2 0                    5/2+  0                      
                                          2      0.897  4.767E-01  4.767E-01  0.000E+00
                                          1      0.921  5.233E-01  5.233E-01  0.000E+00
  6   1.088780   2.5  1   0.00E+00  1 0                    5/2+  0                      
                                          2      1.065  1.000E+00  1.000E+00  0.000E+00
  7   1.249620   0.5  1   0.00E+00  2 0                    1/2+  0                      
                                          2      1.226  1.261E-01  1.261E-01  0.000E+00
                                          1      1.250  8.739E-01  8.739E-01  0.000E+00
  8   1.617400   0.5  1   0.00E+00  1 1          (1/2+,3/2,5/2)  0                      
                                          2      1.594  1.000E+00  1.000E+00  0.000E+00
  9   1.718600   1.5  1   0.00E+00  1 1               3/2+,5/2+  0                      
                                          2      1.695  1.000E+00  1.000E+00  0.000E+00
 10   6.483300   0.5  1   0.00E+00  1 0                    1/2+  0                      
                                          2      6.460  1.000E+00  1.000E+00  0.000E+00
