118Sn  118   50   15   19   13    7    9.326419    9.998779
  1   0.000000   0.0  1  -1.00E+00  0 0                      0+  0                      
  2   1.229650   2.0  1   0.00E+00  1 0                      2+  0                      
                                          1      1.230  1.000E+00  1.000E+00  0.000E+00
  3   1.758500   0.0  1   0.00E+00  1 0                      0+  0                      
                                          2      0.529  1.000E+00  1.000E+00  0.000E+00
  4   2.042870   2.0  1   0.00E+00  2 0                      2+  0                      
                                          2      0.813  5.145E-01  5.145E-01  0.000E+00
                                          1      2.043  4.855E-01  4.855E-01  0.000E+00
  5   2.057030   0.0  1   0.00E+00  1 0                      0+  0                      
                                          2      0.827  1.000E+00  1.000E+00  0.000E+00
  6   2.280320   4.0  1   0.00E+00  1 0                      4+  0                      
                                          2      1.051  1.000E+00  1.000E+00  0.000E+00
  7   2.324840   3.0 -1   0.00E+00  1 0                      3-  0                      
                                          2      1.095  1.000E+00  1.000E+00  0.000E+00
  8   2.328031   1.0  1   0.00E+00  0 1                   1+,2+  0                      
  9   2.403320   2.0  1   0.00E+00  1 0                      2+  0                      
                                          2      1.174  1.000E+00  1.000E+00  0.000E+00
 10   2.488890   4.0  1   0.00E+00  3 0                      4+  0                      
                                          6      0.209  1.571E-01  1.571E-01  0.000E+00
                                          4      0.446  3.000E-01  3.000E-01  0.000E+00
                                          2      1.259  5.429E-01  5.429E-01  0.000E+00
 11   2.677000   2.0  1   0.00E+00  2 0                      2+  0                      
                                          2      1.447  4.907E-01  4.907E-01  0.000E+00
                                          1      2.677  5.093E-01  5.093E-01  0.000E+00
 12   2.733300   4.0  1   0.00E+00  1 0                      4+  0                      
                                          2      1.504  1.000E+00  1.000E+00  0.000E+00
 13   2.738090   1.0  1   0.00E+00  2 1                   1+,2+  0                      
                                          2      1.508  7.436E-01  7.436E-01  0.000E+00
                                          1      2.738  2.564E-01  2.564E-01  0.000E+00
 14   2.777390   3.0 -1   0.00E+00  2 1                 3-,4,5-  0                      
                                          8      0.449  3.438E-01  3.438E-01  0.000E+00
                                          7      0.453  6.562E-01  6.562E-01  0.000E+00
 15   9.327900   0.0  1   0.00E+00  1 1                   0+,1+  0                      
                                          1      9.328  1.000E+00  1.000E+00  0.000E+00
