116Sn  116   50  138  441  137   10    9.563451    9.278593
  1   0.000000   0.0  1  -1.00E+00  0 0                      0+  0                      
  2   1.293598   2.0  1   0.00E+00  1 0                      2+  0                      
                                          1      1.294  1.000E+00  1.000E+00  0.000E+00
  3   1.756841   0.0  1   0.00E+00  1 0                      0+  0                      
                                          2      0.463  1.000E+00  1.000E+00  0.000E+00
  4   2.027490   0.0  1   0.00E+00  1 0                      0+  0                      
                                          2      0.734  1.000E+00  1.000E+00  0.000E+00
  5   2.112322   2.0  1   0.00E+00  3 0                      2+  0                      
                                          3      0.355  3.148E-02  3.148E-02  0.000E+00
                                          2      0.819  4.428E-01  4.428E-01  0.000E+00
                                          1      2.112  5.258E-01  5.258E-01  0.000E+00
  6   2.225420   2.0  1   0.00E+00  2 0                      2+  0                      
                                          2      0.932  5.751E-01  5.751E-01  0.000E+00
                                          1      2.225  4.249E-01  4.249E-01  0.000E+00
  7   2.266222   3.0 -1   0.00E+00  1 0                      3-  0                      
                                          2      0.973  1.000E+00  1.000E+00  0.000E+00
  8   2.366090   5.0 -1   0.00E+00  3 0                      5-  0                      
                                          7      0.100  5.000E-01  5.000E-01  0.000E+00
                                          2      1.072  5.000E-01  5.000E-01  0.000E+00
                                          1      2.366  0.000E+00  0.000E+00  0.000E+00
  9   2.390927   4.0  1   0.00E+00  2 0                      4+  0                      
                                          2      1.097  1.000E+00  1.000E+00  0.000E+00
                                          1      2.391  0.000E+00  0.000E+00  0.000E+00
 10   2.529310   4.0  1   0.00E+00  2 0                      4+  0                      
                                          9      0.138  6.899E-02  6.899E-02  0.000E+00
                                          5      0.417  9.310E-01  9.310E-01  0.000E+00
 11   2.545730   0.0  1   0.00E+00  2 0                    (0)+  0                      
                                          5      0.433  2.521E-02  2.521E-02  0.000E+00
                                          2      1.252  9.748E-01  9.748E-01  0.000E+00
 12   2.585600   1.0  1   0.00E+00  4 0                      1+  0                      
                                          6      0.360  7.650E-02  7.650E-02  0.000E+00
                                          3      0.829  2.949E-02  2.949E-02  0.000E+00
                                          2      1.292  4.608E-01  4.608E-01  0.000E+00
                                          1      2.586  4.332E-01  4.332E-01  0.000E+00
 13   2.650453   2.0  1   0.00E+00  4 0                      2+  0                      
                                          7      0.384  1.940E-02  1.940E-02  0.000E+00
                                          5      0.538  2.380E-02  2.380E-02  0.000E+00
                                          2      1.357  8.925E-01  8.925E-01  0.000E+00
                                          1      2.650  6.426E-02  6.426E-02  0.000E+00
 14   2.773530   6.0 -1   0.00E+00  2 0                      6-  0                      
                                          8      0.407  1.000E+00  1.000E+00  0.000E+00
                                          1      2.773  0.000E+00  0.000E+00  0.000E+00
 15   2.790560   0.0  1   0.00E+00  4 0                    (0)+  0                      
                                         12      0.205  4.059E-02  4.059E-02  0.000E+00
                                          6      0.565  5.333E-02  5.333E-02  0.000E+00
                                          5      0.678  3.728E-01  3.728E-01  0.000E+00
                                          2      1.497  5.333E-01  5.333E-01  0.000E+00
 16   2.801360   4.0  1   0.00E+00  2 0                      4+  0                      
                                          2      1.508  1.000E+00  1.000E+00  0.000E+00
                                          1      2.801  0.000E+00  0.000E+00  0.000E+00
 17   2.843850   2.0  1   0.00E+00  3 0                      2+  0                      
                                          7      0.578  1.176E-02  1.176E-02  0.000E+00
                                          2      1.550  2.353E-01  2.353E-01  0.000E+00
                                          1      2.844  7.529E-01  7.529E-01  0.000E+00
 18   2.960070   2.0  1   0.00E+00  5 0                      2+  0                      
                                         13      0.310  1.043E-02  1.043E-02  0.000E+00
                                         12      0.374  7.416E-02  7.416E-02  0.000E+00
                                          7      0.694  8.111E-02  8.111E-02  0.000E+00
                                          2      1.666  3.013E-01  3.013E-01  0.000E+00
                                          1      2.960  5.330E-01  5.330E-01  0.000E+00
 19   2.996280   3.0  1   0.00E+00  5 0                      3+  0                      
                                         16      0.195  9.929E-02  9.929E-02  0.000E+00
                                         10      0.467  8.511E-02  8.511E-02  0.000E+00
                                          9      0.605  1.099E-01  1.099E-01  0.000E+00
                                          6      0.771  1.064E-01  1.064E-01  0.000E+00
                                          2      1.703  5.993E-01  5.993E-01  0.000E+00
 20   3.016580   6.0 -1   0.00E+00  1 0                    6(-)  0                      
                                          8      0.650  1.000E+00  1.000E+00  0.000E+00
 21   3.046410   4.0  1   0.00E+00  3 0                      4+  0                      
                                          9      0.655  1.607E-01  1.607E-01  0.000E+00
                                          2      1.753  8.393E-01  8.393E-01  0.000E+00
                                          1      3.046  0.000E+00  0.000E+00  0.000E+00
 22   3.088600   2.0  1   0.00E+00  3 0                      2+  0                      
                                          3      1.332  1.197E-01  1.197E-01  0.000E+00
                                          2      1.795  2.324E-01  2.324E-01  0.000E+00
                                          1      3.089  6.479E-01  6.479E-01  0.000E+00
 23   3.105330   5.0 -1   0.00E+00  5 0                      5-  0                      
                                         14      0.332  3.788E-01  3.788E-01  0.000E+00
                                          9      0.714  1.742E-01  1.742E-01  0.000E+00
                                          8      0.739  2.727E-01  2.727E-01  0.000E+00
                                          7      0.839  1.742E-01  1.742E-01  0.000E+00
                                          1      3.105  0.000E+00  0.000E+00  0.000E+00
 24   3.157850   3.0 -1   0.00E+00  2 1                    3-,4  0                      
                                          8      0.792  1.000E+00  1.000E+00  0.000E+00
                                          1      3.158  0.000E+00  0.000E+00  0.000E+00
 25   3.179710   2.0  1   0.00E+00  3 1                    2+,3  0                      
                                         16      0.378  3.409E-02  3.409E-02  0.000E+00
                                          9      0.789  9.693E-02  9.693E-02  0.000E+00
                                          2      1.886  8.690E-01  8.690E-01  0.000E+00
 26   3.194340   0.0  1   0.00E+00  1 1                  0+,1,3  0                      
                                          2      1.901  1.000E+00  1.000E+00  0.000E+00
 27   3.227480   2.0  1   0.00E+00  4 0                    (2+)  0                      
                                         12      0.642  6.075E-02  6.075E-02  0.000E+00
                                         10      0.698  4.673E-02  4.673E-02  0.000E+00
                                          7      0.961  1.916E-01  1.916E-01  0.000E+00
                                          5      1.115  7.009E-01  7.009E-01  0.000E+00
 28   3.228060   2.0  1   0.00E+00  5 0                      2+  0                      
                                          7      0.962  1.000E-01  1.000E-01  0.000E+00
                                          6      1.003  4.348E-02  4.348E-02  0.000E+00
                                          4      1.201  7.087E-01  7.087E-01  0.000E+00
                                          2      1.934  1.478E-01  1.478E-01  0.000E+00
                                          1      3.228  0.000E+00  0.000E+00  0.000E+00
 29   3.236020   0.0  1   0.00E+00  2 1                  0+,1,3  0                      
                                          5      1.124  5.808E-01  5.808E-01  0.000E+00
                                          2      1.942  4.192E-01  4.192E-01  0.000E+00
 30   3.257790   3.0 -1   0.00E+00  2 1                 3-,4,5-  0                      
                                          8      0.892  1.000E+00  1.000E+00  0.000E+00
                                          1      3.258  0.000E+00  0.000E+00  0.000E+00
 31   3.289060   0.0  0   0.00E+00  2 0                    LE 5  0                      
                                          7      1.023  1.000E+00  1.000E+00  0.000E+00
                                          1      3.289  0.000E+00  0.000E+00  0.000E+00
 32   3.315030   2.0  1   0.00E+00  3 1                   2+,3+  0                      
                                          6      1.090  2.045E-01  2.045E-01  0.000E+00
                                          5      1.203  5.000E-01  5.000E-01  0.000E+00
                                          2      2.021  2.955E-01  2.955E-01  0.000E+00
 33   3.333800   1.0  0   0.00E+00  1 0                       1  0                      
                                          1      3.334  1.000E+00  1.000E+00  0.000E+00
 34   3.344380   2.0  0   0.00E+00  5 0                       2  0                      
                                         17      0.501  1.159E-02  1.159E-02  0.000E+00
                                          7      1.078  1.336E-01  1.336E-01  0.000E+00
                                          6      1.119  3.046E-01  3.046E-01  0.000E+00
                                          5      1.232  5.895E-02  5.895E-02  0.000E+00
                                          2      2.051  4.913E-01  4.913E-01  0.000E+00
 35   3.371420   3.0  1   0.00E+00  3 0                      3+  0                      
                                          9      0.980  5.348E-02  5.348E-02  0.000E+00
                                          6      1.146  9.091E-02  9.091E-02  0.000E+00
                                          2      2.078  8.556E-01  8.556E-01  0.000E+00
 36   3.415900   2.0  0   0.00E+00  2 1                    2,3+  0                      
                                          2      2.122  1.000E+00  1.000E+00  0.000E+00
                                          1      3.416  0.000E+00  0.000E+00  0.000E+00
 37   3.416570   2.0  0   0.00E+00  2 0                     2 2  0                      
                                         12      0.831  3.913E-01  3.913E-01  0.000E+00
                                          7      1.150  6.087E-01  6.087E-01  0.000E+00
 38   3.427900   4.0 -1   0.00E+00  2 0                      4-  0                      
                                          8      1.062  3.701E-01  3.701E-01  0.000E+00
                                          7      1.162  6.299E-01  6.299E-01  0.000E+00
 39   3.469690   2.0  1   0.00E+00  4 0                      2+  0                      
                                         34      0.125  1.163E-02  1.163E-02  0.000E+00
                                         16      0.668  4.153E-02  4.153E-02  0.000E+00
                                          6      1.244  4.568E-01  4.568E-01  0.000E+00
                                          2      2.176  4.900E-01  4.900E-01  0.000E+00
 40   3.507310   3.0  0   0.00E+00  2 1                 3,4-,5-  0                      
                                          7      1.241  1.000E+00  1.000E+00  0.000E+00
                                          1      3.507  0.000E+00  0.000E+00  0.000E+00
 41   3.508400   2.0  1   0.00E+00  4 0                      2+  0                      
                                         22      0.420  2.288E-01  2.288E-01  0.000E+00
                                         18      0.548  1.808E-01  1.808E-01  0.000E+00
                                         17      0.665  7.843E-02  7.843E-02  0.000E+00
                                          5      1.396  5.120E-01  5.120E-01  0.000E+00
 42   3.513620   2.0  1   0.00E+00  2 0                    (2+)  0                      
                                          2      2.220  7.917E-01  7.917E-01  0.000E+00
                                          1      3.514  2.083E-01  2.083E-01  0.000E+00
 43   3.551700   2.0  1   0.00E+00  2 1                2+,3+,4+  0                      
                                          2      2.258  1.000E+00  1.000E+00  0.000E+00
                                          1      3.552  0.000E+00  0.000E+00  0.000E+00
 44   3.572780   2.0  1   0.00E+00  2 1                    2+,3  0                      
                                          2      2.279  1.000E+00  1.000E+00  0.000E+00
                                          1      3.573  0.000E+00  0.000E+00  0.000E+00
 45   3.586670   2.0  1   0.00E+00  3 0                      2+  0                      
                                         12      1.001  2.265E-01  2.265E-01  0.000E+00
                                          5      1.474  4.972E-01  4.972E-01  0.000E+00
                                          1      3.587  2.762E-01  2.762E-01  0.000E+00
 46   3.593830   3.0  1   0.00E+00  2 0                      3+  0                      
                                          6      1.368  8.824E-01  8.824E-01  0.000E+00
                                          5      1.481  1.176E-01  1.176E-01  0.000E+00
 47   3.658730   2.0  1   0.00E+00  4 0                      2+  0                      
                                         16      0.857  1.213E-01  1.213E-01  0.000E+00
                                          6      1.433  6.250E-02  6.250E-02  0.000E+00
                                          5      1.546  5.147E-01  5.147E-01  0.000E+00
                                          1      3.659  3.015E-01  3.015E-01  0.000E+00
 48   3.711910   1.0  0   0.00E+00  2 0                     (1)  0                      
                                         17      0.868  3.082E-01  3.082E-01  0.000E+00
                                          1      3.712  6.918E-01  6.918E-01  0.000E+00
 49   3.730600   0.0  0   0.00E+00  2 0                    LE 4  0                      
                                          2      2.437  1.000E+00  1.000E+00  0.000E+00
                                          1      3.731  0.000E+00  0.000E+00  0.000E+00
 50   3.742950   1.0 -1   0.00E+00  4 1                1-,2+,3-  0                      
                                          7      1.477  5.062E-01  5.062E-01  0.000E+00
                                          5      1.631  2.716E-01  2.716E-01  0.000E+00
                                          2      2.449  2.222E-01  2.222E-01  0.000E+00
                                          1      3.743  0.000E+00  0.000E+00  0.000E+00
 51   3.747900   0.0  0   0.00E+00  2 0                    LE 4  0                      
                                          2      2.454  1.000E+00  1.000E+00  0.000E+00
                                          1      3.748  0.000E+00  0.000E+00  0.000E+00
 52   3.776750   1.0  0   0.00E+00  2 0                       1  0                      
                                         12      1.191  2.603E-01  2.603E-01  0.000E+00
                                          1      3.777  7.397E-01  7.397E-01  0.000E+00
 53   3.806000   2.0 -1   0.00E+00  1 0                      2-  0                      
                                          1      3.806  1.000E+00  1.000E+00  0.000E+00
 54   3.836690   0.0  0   0.00E+00  2 0                    LE 4  0                      
                                          2      2.543  1.000E+00  1.000E+00  0.000E+00
                                          1      3.837  0.000E+00  0.000E+00  0.000E+00
 55   3.843650   2.0  1   0.00E+00  3 1                    2+,3  0                      
                                          6      1.618  8.065E-02  8.065E-02  0.000E+00
                                          5      1.731  4.839E-01  4.839E-01  0.000E+00
                                          2      2.550  4.355E-01  4.355E-01  0.000E+00
 56   3.850800   1.0  0   0.00E+00  2 1                    1,2+  0                      
                                          7      1.585  2.800E-01  2.800E-01  0.000E+00
                                          1      3.851  7.200E-01  7.200E-01  0.000E+00
 57   3.903610   2.0  1   0.00E+00  2 0                      2+  0                      
                                          6      1.678  2.059E-01  2.059E-01  0.000E+00
                                          1      3.904  7.941E-01  7.941E-01  0.000E+00
 58   3.904900   1.0  0   0.00E+00  2 0                       1  0                      
                                          4      1.877  3.333E-01  3.333E-01  0.000E+00
                                          3      2.148  6.667E-01  6.667E-01  0.000E+00
 59   3.916960   2.0  0   0.00E+00  1 0                       2  0                      
                                          7      1.651  1.000E+00  1.000E+00  0.000E+00
 60   3.945800   1.0  1   0.00E+00  2 1                 1+,2+,3  0                      
                                          2      2.652  1.000E+00  1.000E+00  0.000E+00
                                          1      3.946  0.000E+00  0.000E+00  0.000E+00
 61   3.950230   1.0 -1   0.00E+00  4 1                  1-,2,3  0                      
                                          7      1.684  1.793E-01  1.793E-01  0.000E+00
                                          6      1.725  6.773E-01  6.773E-01  0.000E+00
                                          2      2.657  1.434E-01  1.434E-01  0.000E+00
                                          1      3.950  0.000E+00  0.000E+00  0.000E+00
 62   3.952890   2.0  1   0.00E+00  2 0                      2+  0                      
                                         42      0.439  1.517E-01  1.517E-01  0.000E+00
                                          1      3.953  8.483E-01  8.483E-01  0.000E+00
 63   4.001060   1.0 -1   0.00E+00  3 0                    1(-)  0                      
                                         15      1.210  1.304E-02  1.304E-02  0.000E+00
                                          3      2.244  5.400E-01  5.400E-01  0.000E+00
                                          2      2.707  4.469E-01  4.469E-01  0.000E+00
 64   4.013080   2.0  1   0.00E+00  3 0                      2+  0                      
                                          6      1.788  7.359E-02  7.359E-02  0.000E+00
                                          2      2.719  1.948E-01  1.948E-01  0.000E+00
                                          1      4.013  7.316E-01  7.316E-01  0.000E+00
 65   4.026720   1.0  0   0.00E+00  1 0                       1  0                      
                                          1      4.027  1.000E+00  1.000E+00  0.000E+00
 66   4.028500   0.0  0   0.00E+00  2 0                    LE 4  0                      
                                          2      2.735  1.000E+00  1.000E+00  0.000E+00
                                          1      4.028  0.000E+00  0.000E+00  0.000E+00
 67   4.037400   2.0  1   0.00E+00  3 1                   2+,3+  0                      
                                          7      1.771  2.424E-01  2.424E-01  0.000E+00
                                          2      2.744  7.576E-01  7.576E-01  0.000E+00
                                          1      4.037  0.000E+00  0.000E+00  0.000E+00
 68   4.076030   1.0  1   0.00E+00  3 1                 1+,2+,3  0                      
                                         47      0.417  5.806E-01  5.806E-01  0.000E+00
                                          5      1.964  4.194E-01  4.194E-01  0.000E+00
                                          1      4.076  0.000E+00  0.000E+00  0.000E+00
 69   4.113900   1.0  0   0.00E+00  3 1                    1,2+  0                      
                                         11      1.568  5.769E-02  5.769E-02  0.000E+00
                                          3      2.357  5.240E-01  5.240E-01  0.000E+00
                                          1      4.114  4.183E-01  4.183E-01  0.000E+00
 70   4.128230   1.0  0   0.00E+00  1 1                    1,2+  0                      
                                          1      4.128  1.000E+00  1.000E+00  0.000E+00
 71   4.143900   1.0  1   0.00E+00  2 1                 1+,2+,3  0                      
                                          2      2.850  1.000E+00  1.000E+00  0.000E+00
                                          1      4.144  0.000E+00  0.000E+00  0.000E+00
 72   4.162460   2.0  0   0.00E+00  3 0                       2  0                      
                                         12      1.577  3.684E-01  3.684E-01  0.000E+00
                                          7      1.896  2.000E-01  2.000E-01  0.000E+00
                                          2      2.869  4.316E-01  4.316E-01  0.000E+00
 73   4.170900   2.0  1   0.00E+00  2 0                      2+  0                      
                                          2      2.877  5.429E-01  5.429E-01  0.000E+00
                                          1      4.171  4.571E-01  4.571E-01  0.000E+00
 74   4.190500   2.0  1   0.00E+00  2 1                2+,3+,4+  0                      
                                          7      1.924  2.500E-01  2.500E-01  0.000E+00
                                          2      2.897  7.500E-01  7.500E-01  0.000E+00
 75   4.200090   1.0  0   0.00E+00  2 0                       1  0                      
                                         15      1.410  3.864E-01  3.864E-01  0.000E+00
                                          1      4.200  6.136E-01  6.136E-01  0.000E+00
 76   4.201170   1.0  0   0.00E+00  4 1                     1,2  0                      
                                         13      1.551  1.954E-01  1.954E-01  0.000E+00
                                          7      1.935  3.103E-01  3.103E-01  0.000E+00
                                          6      1.976  1.839E-01  1.839E-01  0.000E+00
                                          2      2.908  3.103E-01  3.103E-01  0.000E+00
 77   4.201510   0.0  1   0.00E+00  5 1                  0+,1,2  0                      
                                         13      1.551  2.198E-01  2.198E-01  0.000E+00
                                         12      1.616  1.758E-01  1.758E-01  0.000E+00
                                          7      1.935  1.905E-01  1.905E-01  0.000E+00
                                          6      1.976  3.150E-01  3.150E-01  0.000E+00
                                          2      2.908  9.890E-02  9.890E-02  0.000E+00
 78   4.211600   2.0  1   0.00E+00  2 0                      2+  0                      
                                         35      0.840  4.667E-01  4.667E-01  0.000E+00
                                          2      2.918  5.333E-01  5.333E-01  0.000E+00
 79   4.238650   1.0  0   0.00E+00  2 0                       1  0                      
                                          2      2.945  7.477E-01  7.477E-01  0.000E+00
                                          1      4.239  2.523E-01  2.523E-01  0.000E+00
 80   4.251730   1.0  0   0.00E+00  2 1                    1,2+  0                      
                                         37      0.835  1.250E-01  1.250E-01  0.000E+00
                                          1      4.252  8.750E-01  8.750E-01  0.000E+00
 81   4.278640   0.0  0   0.00E+00  2 0                    LE 4  0                      
                                          2      2.985  9.398E-01  9.398E-01  0.000E+00
                                          1      4.279  6.015E-02  6.015E-02  0.000E+00
 82   4.297100   1.0  0   0.00E+00  2 1                  (1,2+)  0                      
                                          2      3.003  1.000E+00  1.000E+00  0.000E+00
                                          1      4.297  0.000E+00  0.000E+00  0.000E+00
 83   4.308450  -1.0  0   0.00E+00  3 0                          0                      
                                         15      1.518  3.611E-01  3.611E-01  0.000E+00
                                          2      3.015  6.389E-01  6.389E-01  0.000E+00
                                          1      4.308  0.000E+00  0.000E+00  0.000E+00
 84   4.392650  -1.0  0   0.00E+00  6 0                          0                      
                                         27      1.165  8.581E-02  8.581E-02  0.000E+00
                                         22      1.304  6.271E-02  6.271E-02  0.000E+00
                                         10      1.863  7.261E-02  7.261E-02  0.000E+00
                                          9      2.002  6.601E-02  6.601E-02  0.000E+00
                                          2      3.099  2.244E-01  2.244E-01  0.000E+00
                                          1      4.393  4.884E-01  4.884E-01  0.000E+00
 85   4.410980  -1.0  0   0.00E+00  3 0                          0                      
                                         10      1.882  1.639E-01  1.639E-01  0.000E+00
                                          2      3.117  3.525E-01  3.525E-01  0.000E+00
                                          1      4.411  4.836E-01  4.836E-01  0.000E+00
 86   4.430320  -1.0  0   0.00E+00  3 0                          0                      
                                         17      1.586  5.000E-01  5.000E-01  0.000E+00
                                          4      2.403  2.500E-01  2.500E-01  0.000E+00
                                          1      4.430  2.500E-01  2.500E-01  0.000E+00
 87   4.480200  -1.0  0   0.00E+00  4 0                          0                      
                                         34      1.136  6.977E-02  6.977E-02  0.000E+00
                                          6      2.255  3.101E-01  3.101E-01  0.000E+00
                                          2      3.187  6.202E-01  6.202E-01  0.000E+00
                                          1      4.480  0.000E+00  0.000E+00  0.000E+00
 88   4.511630  -1.0  0   0.00E+00  4 0                          0                      
                                         13      1.861  9.459E-02  9.459E-02  0.000E+00
                                         12      1.926  4.730E-01  4.730E-01  0.000E+00
                                          3      2.755  2.635E-01  2.635E-01  0.000E+00
                                          1      4.512  1.689E-01  1.689E-01  0.000E+00
 89   4.548420  -1.0  0   0.00E+00  1 0                          0                      
                                          1      4.548  1.000E+00  1.000E+00  0.000E+00
 90   4.584000  -1.0  0   0.00E+00  1 0                          0                      
                                          1      4.584  1.000E+00  1.000E+00  0.000E+00
 91   4.649190  -1.0  0   0.00E+00  4 0                          0                      
                                          5      2.537  9.195E-02  9.195E-02  0.000E+00
                                          4      2.622  2.586E-01  2.586E-01  0.000E+00
                                          2      3.356  1.264E-01  1.264E-01  0.000E+00
                                          1      4.649  5.230E-01  5.230E-01  0.000E+00
 92   4.852600  -1.0  0   0.00E+00  2 0                          0                      
                                          2      3.559  4.444E-01  4.444E-01  0.000E+00
                                          1      4.852  5.556E-01  5.556E-01  0.000E+00
 93   4.877160  -1.0  0   0.00E+00  2 0                          0                      
                                         12      2.292  3.333E-01  3.333E-01  0.000E+00
                                          1      4.877  6.667E-01  6.667E-01  0.000E+00
 94   4.892570  -1.0  0   0.00E+00  2 0                          0                      
                                          2      3.599  5.000E-01  5.000E-01  0.000E+00
                                          1      4.892  5.000E-01  5.000E-01  0.000E+00
 95   4.925940  -1.0  0   0.00E+00  3 0                          0                      
                                         13      2.275  1.973E-01  1.973E-01  0.000E+00
                                          2      3.632  3.878E-01  3.878E-01  0.000E+00
                                          1      4.926  4.150E-01  4.150E-01  0.000E+00
 96   4.951960  -1.0  0   0.00E+00  2 0                          0                      
                                         13      2.301  1.200E-01  1.200E-01  0.000E+00
                                          2      3.658  8.800E-01  8.800E-01  0.000E+00
 97   5.055560  -1.0  0   0.00E+00  2 0                          0                      
                                         34      1.711  4.562E-01  4.562E-01  0.000E+00
                                         17      2.212  5.438E-01  5.438E-01  0.000E+00
 98   5.066170  -1.0  0   0.00E+00  2 0                          0                      
                                          3      3.309  8.654E-01  8.654E-01  0.000E+00
                                          1      5.066  1.346E-01  1.346E-01  0.000E+00
 99   5.173600  -1.0  0   0.00E+00  2 0                          0                      
                                          3      3.417  8.571E-02  8.571E-02  0.000E+00
                                          1      5.173  9.143E-01  9.143E-01  0.000E+00
100   5.242360  -1.0  0   0.00E+00  3 0                          0                      
                                         18      2.282  6.250E-01  6.250E-01  0.000E+00
                                          2      3.949  3.750E-01  3.750E-01  0.000E+00
                                          1      5.242  0.000E+00  0.000E+00  0.000E+00
101   5.358200  -1.0  0   0.00E+00  3 0                          0                      
                                          6      3.133  3.178E-01  3.178E-01  0.000E+00
                                          4      3.331  4.984E-01  4.984E-01  0.000E+00
                                          2      4.064  1.838E-01  1.838E-01  0.000E+00
102   5.395500  -1.0  0   0.00E+00  2 0                          0                      
                                         34      2.051  6.098E-01  6.098E-01  0.000E+00
                                          2      4.102  3.902E-01  3.902E-01  0.000E+00
103   5.474700  -1.0  0   0.00E+00  2 0                          0                      
                                          2      4.181  8.594E-01  8.594E-01  0.000E+00
                                          1      5.475  1.406E-01  1.406E-01  0.000E+00
104   5.484250  -1.0  0   0.00E+00  2 0                          0                      
                                          4      3.457  7.627E-01  7.627E-01  0.000E+00
                                          1      5.484  2.373E-01  2.373E-01  0.000E+00
105   5.493000  -1.0  0   0.00E+00  1 0                          0                      
                                          1      5.493  1.000E+00  1.000E+00  0.000E+00
106   5.562820  -1.0  0   0.00E+00  3 0                          0                      
                                         12      2.977  3.464E-01  3.464E-01  0.000E+00
                                          7      3.297  2.092E-01  2.092E-01  0.000E+00
                                          2      4.269  4.444E-01  4.444E-01  0.000E+00
107   5.667700  -1.0  0   0.00E+00  3 0                          0                      
                                          5      3.555  5.094E-01  5.094E-01  0.000E+00
                                          3      3.911  4.906E-01  4.906E-01  0.000E+00
                                          1      5.668  0.000E+00  0.000E+00  0.000E+00
108   5.716500  -1.0  0   0.00E+00  3 0                          0                      
                                          6      3.491  3.000E-01  3.000E-01  0.000E+00
                                          2      4.423  7.000E-01  7.000E-01  0.000E+00
                                          1      5.716  0.000E+00  0.000E+00  0.000E+00
109   5.767230  -1.0  0   0.00E+00  3 0                          0                      
                                          7      3.501  4.024E-01  4.024E-01  0.000E+00
                                          4      3.740  9.467E-02  9.467E-02  0.000E+00
                                          2      4.474  5.030E-01  5.030E-01  0.000E+00
110   5.923590  -1.0  0   0.00E+00  3 0                          0                      
                                          5      3.811  3.784E-01  3.784E-01  0.000E+00
                                          2      4.630  6.216E-01  6.216E-01  0.000E+00
                                          1      5.923  0.000E+00  0.000E+00  0.000E+00
111   5.968400  -1.0  0   0.00E+00  3 0                          0                      
                                         18      3.008  1.484E-01  1.484E-01  0.000E+00
                                          9      3.577  7.742E-02  7.742E-02  0.000E+00
                                          5      3.856  7.742E-01  7.742E-01  0.000E+00
112   5.989500  -1.0  0   0.00E+00  3 0                          0                      
                                          6      3.764  5.337E-02  5.337E-02  0.000E+00
                                          5      3.877  7.584E-02  7.584E-02  0.000E+00
                                          2      4.696  8.708E-01  8.708E-01  0.000E+00
113   5.995600  -1.0  0   0.00E+00  2 0                          0                      
                                          4      3.968  4.227E-01  4.227E-01  0.000E+00
                                          2      4.702  5.773E-01  5.773E-01  0.000E+00
114   6.041750  -1.0  0   0.00E+00  3 0                          0                      
                                          9      3.651  2.500E-01  2.500E-01  0.000E+00
                                          6      3.816  7.500E-01  7.500E-01  0.000E+00
                                          1      6.042  0.000E+00  0.000E+00  0.000E+00
115   6.116690  -1.0  0   0.00E+00  4 0                          0                      
                                         22      3.028  3.188E-01  3.188E-01  0.000E+00
                                          3      4.360  3.478E-01  3.478E-01  0.000E+00
                                          2      4.823  3.333E-01  3.333E-01  0.000E+00
                                          1      6.117  0.000E+00  0.000E+00  0.000E+00
116   6.130970  -1.0  0   0.00E+00  3 0                          0                      
                                          3      4.374  7.500E-01  7.500E-01  0.000E+00
                                          2      4.837  2.500E-01  2.500E-01  0.000E+00
                                          1      6.131  0.000E+00  0.000E+00  0.000E+00
117   6.152070  -1.0  0   0.00E+00  3 0                          0                      
                                          6      3.927  2.250E-01  2.250E-01  0.000E+00
                                          2      4.858  7.750E-01  7.750E-01  0.000E+00
                                          1      6.152  0.000E+00  0.000E+00  0.000E+00
118   6.159610  -1.0  0   0.00E+00  2 0                          0                      
                                          2      4.866  7.787E-01  7.787E-01  0.000E+00
                                          1      6.159  2.213E-01  2.213E-01  0.000E+00
119   6.198650  -1.0  0   0.00E+00  4 0                          0                      
                                         13      3.548  3.042E-01  3.042E-01  0.000E+00
                                          7      3.932  1.369E-01  1.369E-01  0.000E+00
                                          3      4.442  4.943E-01  4.943E-01  0.000E+00
                                          2      4.905  6.464E-02  6.464E-02  0.000E+00
120   6.358000  -1.0  0   0.00E+00  2 0                          0                      
                                          5      4.246  1.919E-01  1.919E-01  0.000E+00
                                          3      4.601  8.081E-01  8.081E-01  0.000E+00
121   6.373010  -1.0  0   0.00E+00  3 0                          0                      
                                         17      3.529  4.576E-01  4.576E-01  0.000E+00
                                          2      5.079  5.424E-01  5.424E-01  0.000E+00
                                          1      6.373  0.000E+00  0.000E+00  0.000E+00
122   6.405600  -1.0  0   0.00E+00  2 0                          0                      
                                          5      4.293  1.000E+00  1.000E+00  0.000E+00
                                          1      6.405  0.000E+00  0.000E+00  0.000E+00
123   6.428130  -1.0  0   0.00E+00  5 0                          0                      
                                         16      3.627  1.395E-01  1.395E-01  0.000E+00
                                         15      3.638  2.248E-01  2.248E-01  0.000E+00
                                         12      3.842  2.481E-01  2.481E-01  0.000E+00
                                          7      4.162  3.876E-01  3.876E-01  0.000E+00
                                          1      6.428  0.000E+00  0.000E+00  0.000E+00
124   6.436080  -1.0  0   0.00E+00  4 0                          0                      
                                         17      3.592  4.545E-01  4.545E-01  0.000E+00
                                         15      3.645  9.091E-02  9.091E-02  0.000E+00
                                          6      4.211  2.525E-01  2.525E-01  0.000E+00
                                          2      5.142  2.020E-01  2.020E-01  0.000E+00
125   6.468540  -1.0  0   0.00E+00  5 0                          0                      
                                         15      3.678  3.133E-01  3.133E-01  0.000E+00
                                          9      4.078  2.169E-01  2.169E-01  0.000E+00
                                          3      4.712  2.892E-01  2.892E-01  0.000E+00
                                          2      5.175  1.807E-01  1.807E-01  0.000E+00
                                          1      6.468  0.000E+00  0.000E+00  0.000E+00
126   6.482460  -1.0  0   0.00E+00  7 0                          0                      
                                         22      3.394  1.280E-01  1.280E-01  0.000E+00
                                         18      3.522  1.090E-01  1.090E-01  0.000E+00
                                         13      3.832  8.531E-02  8.531E-02  0.000E+00
                                          9      4.091  3.175E-01  3.175E-01  0.000E+00
                                          6      4.257  8.531E-02  8.531E-02  0.000E+00
                                          3      4.726  1.706E-01  1.706E-01  0.000E+00
                                          2      5.189  1.043E-01  1.043E-01  0.000E+00
127   6.510560  -1.0  0   0.00E+00  4 0                          0                      
                                         15      3.720  1.862E-01  1.862E-01  0.000E+00
                                         13      3.860  7.447E-02  7.447E-02  0.000E+00
                                          4      4.483  3.777E-01  3.777E-01  0.000E+00
                                          2      5.217  3.617E-01  3.617E-01  0.000E+00
128   6.532140  -1.0  0   0.00E+00  4 0                          0                      
                                         25      3.352  3.534E-01  3.534E-01  0.000E+00
                                          6      4.307  5.086E-01  5.086E-01  0.000E+00
                                          2      5.238  1.379E-01  1.379E-01  0.000E+00
                                          1      6.532  0.000E+00  0.000E+00  0.000E+00
129   6.717310  -1.0  0   0.00E+00  2 0                          0                      
                                          3      4.960  2.480E-01  2.480E-01  0.000E+00
                                          2      5.424  7.520E-01  7.520E-01  0.000E+00
130   6.753990  -1.0  0   0.00E+00  4 0                          0                      
                                         18      3.794  1.538E-01  1.538E-01  0.000E+00
                                          5      4.642  4.505E-01  4.505E-01  0.000E+00
                                          2      5.460  3.956E-01  3.956E-01  0.000E+00
                                          1      6.754  0.000E+00  0.000E+00  0.000E+00
131   7.034960  -1.0  0   0.00E+00  3 0                          0                      
                                         12      4.449  2.744E-01  2.744E-01  0.000E+00
                                          7      4.769  2.902E-01  2.902E-01  0.000E+00
                                          6      4.809  4.354E-01  4.354E-01  0.000E+00
132   7.173900  -1.0  0   0.00E+00  4 0                          0                      
                                         29      3.938  4.186E-01  4.186E-01  0.000E+00
                                          5      5.061  2.558E-01  2.558E-01  0.000E+00
                                          3      5.417  3.256E-01  3.256E-01  0.000E+00
                                          1      7.174  0.000E+00  0.000E+00  0.000E+00
133   7.224700  -1.0  0   0.00E+00  3 0                          0                      
                                         22      4.136  8.082E-01  8.082E-01  0.000E+00
                                          2      5.931  1.918E-01  1.918E-01  0.000E+00
                                          1      7.224  0.000E+00  0.000E+00  0.000E+00
134   7.246400  -1.0  0   0.00E+00  3 0                          0                      
                                          5      5.134  5.000E-01  5.000E-01  0.000E+00
                                          2      5.953  5.000E-01  5.000E-01  0.000E+00
                                          1      7.246  0.000E+00  0.000E+00  0.000E+00
135   7.325900  -1.0  0   0.00E+00  4 0                          0                      
                                         13      4.675  8.600E-02  8.600E-02  0.000E+00
                                         11      4.780  8.094E-01  8.094E-01  0.000E+00
                                          9      4.935  4.384E-02  4.384E-02  0.000E+00
                                          4      5.298  6.071E-02  6.071E-02  0.000E+00
136   7.659880  -1.0  0   0.00E+00  4 0                          0                      
                                         17      4.816  4.203E-01  4.203E-01  0.000E+00
                                         11      5.114  3.768E-01  3.768E-01  0.000E+00
                                          9      5.269  2.029E-01  2.029E-01  0.000E+00
                                          1      7.660  0.000E+00  0.000E+00  0.000E+00
137   7.692770   0.0  1   0.00E+00  4 1                   0+,1+  0                      
                                          7      5.426  2.842E-01  2.842E-01  0.000E+00
                                          6      5.467  4.737E-01  4.737E-01  0.000E+00
                                          5      5.580  2.421E-01  2.421E-01  0.000E+00
                                          1      7.692  0.000E+00  0.000E+00  0.000E+00
138   9.563550  -1.0  0   0.00E+00 68 0                          0                      
                                        137      1.871  3.753E-03  3.753E-03  0.000E+00
                                        136      1.904  7.976E-03  7.976E-03  0.000E+00
                                        131      2.529  2.346E-02  2.346E-02  0.000E+00
                                        125      3.095  2.346E-02  2.346E-02  0.000E+00
                                        124      3.127  1.126E-02  1.126E-02  0.000E+00
                                        122      3.158  1.478E-02  1.478E-02  0.000E+00
                                        118      3.404  2.510E-02  2.510E-02  0.000E+00
                                        117      3.411  4.926E-03  4.926E-03  0.000E+00
                                        113      3.568  7.506E-03  7.506E-03  0.000E+00
                                        112      3.574  1.806E-02  1.806E-02  0.000E+00
                                        108      3.847  3.284E-03  3.284E-03  0.000E+00
                                        107      3.896  6.803E-03  6.803E-03  0.000E+00
                                        106      4.001  6.334E-03  6.334E-03  0.000E+00
                                        105      4.071  6.334E-03  6.334E-03  0.000E+00
                                        100      4.321  3.284E-03  3.284E-03  0.000E+00
                                         98      4.497  5.161E-03  5.161E-03  0.000E+00
                                         96      4.611  3.284E-03  3.284E-03  0.000E+00
                                         94      4.671  5.395E-03  5.395E-03  0.000E+00
                                         93      4.686  7.037E-03  7.037E-03  0.000E+00
                                         91      4.914  2.768E-02  2.768E-02  0.000E+00
                                         90      4.979  1.196E-02  1.196E-02  0.000E+00
                                         89      5.015  1.361E-02  1.361E-02  0.000E+00
                                         88      5.052  3.519E-03  3.519E-03  0.000E+00
                                         87      5.083  2.533E-02  2.533E-02  0.000E+00
                                         85      5.152  9.852E-03  9.852E-03  0.000E+00
                                         84      5.171  1.407E-02  1.407E-02  0.000E+00
                                         83      5.255  2.580E-03  2.580E-03  0.000E+00
                                         81      5.285  7.506E-03  7.506E-03  0.000E+00
                                         80      5.312  9.618E-03  9.618E-03  0.000E+00
                                         79      5.325  1.712E-02  1.712E-02  0.000E+00
                                         78      5.352  6.803E-03  6.803E-03  0.000E+00
                                         77      5.362  1.009E-01  1.009E-01  0.000E+00
                                         72      5.401  7.506E-03  7.506E-03  0.000E+00
                                         69      5.450  4.480E-02  4.480E-02  0.000E+00
                                         68      5.487  2.111E-03  2.111E-03  0.000E+00
                                         67      5.526  3.284E-03  3.284E-03  0.000E+00
                                         65      5.537  6.334E-03  6.334E-03  0.000E+00
                                         64      5.550  2.393E-02  2.393E-02  0.000E+00
                                         63      5.562  4.926E-02  4.926E-02  0.000E+00
                                         62      5.611  3.753E-03  3.753E-03  0.000E+00
                                         59      5.646  1.173E-02  1.173E-02  0.000E+00
                                         58      5.659  9.618E-03  9.618E-03  0.000E+00
                                         57      5.660  5.395E-03  5.395E-03  0.000E+00
                                         53      5.757  3.284E-03  3.284E-03  0.000E+00
                                         52      5.787  4.222E-03  4.222E-03  0.000E+00
                                         48      5.851  7.037E-03  7.037E-03  0.000E+00
                                         47      5.905  5.231E-02  5.231E-02  0.000E+00
                                         46      5.970  5.630E-03  5.630E-03  0.000E+00
                                         45      5.977  5.395E-03  5.395E-03  0.000E+00
                                         41      6.055  1.454E-02  1.454E-02  0.000E+00
                                         39      6.094  1.642E-02  1.642E-02  0.000E+00
                                         37      6.147  8.445E-03  8.445E-03  0.000E+00
                                         33      6.230  3.730E-02  3.730E-02  0.000E+00
                                         32      6.248  3.284E-03  3.284E-03  0.000E+00
                                         28      6.335  5.395E-02  5.395E-02  0.000E+00
                                         27      6.336  3.284E-02  3.284E-02  0.000E+00
                                         22      6.475  5.395E-03  5.395E-03  0.000E+00
                                         18      6.603  3.941E-02  3.941E-02  0.000E+00
                                         17      6.719  3.284E-03  3.284E-03  0.000E+00
                                         15      6.773  2.346E-03  2.346E-03  0.000E+00
                                         13      6.913  1.056E-02  1.056E-02  0.000E+00
                                         12      6.978  4.222E-03  4.222E-03  0.000E+00
                                         11      7.018  2.416E-02  2.416E-02  0.000E+00
                                          6      7.338  1.548E-02  1.548E-02  0.000E+00
                                          5      7.451  3.214E-02  3.214E-02  0.000E+00
                                          3      7.806  2.346E-03  2.346E-03  0.000E+00
                                          2      8.270  4.692E-03  4.692E-03  0.000E+00
                                          1      9.563  5.864E-03  5.864E-03  0.000E+00
