121Sn  121   50   10   10    8    1    6.170203   10.757856
  1   0.000000   1.5  1   9.74E+04  0 0                    3/2+  0                      
  2   0.006300   5.5 -1   1.73E+09  0 0                   11/2-  0                      
  3   0.060350   0.5  1   0.00E+00  1 0                    1/2+  0                      
                                          1      0.061  1.000E+00  1.000E+00  0.000E+00
  4   0.663430   3.5 -1   0.00E+00  1 1              (7/2,9/2)-  0                      
                                          2      0.657  1.000E+00  1.000E+00  0.000E+00
  5   0.869370   1.5  1   0.00E+00  2 1               3/2+,5/2+  0                      
                                          3      0.809  1.960E-01  1.960E-01  0.000E+00
                                          1      0.869  8.040E-01  8.040E-01  0.000E+00
  6   0.908890   1.5  1   0.00E+00  1 1               3/2+,5/2+  0                      
                                          1      0.909  1.000E+00  1.000E+00  0.000E+00
  7   0.925900   3.5  1   0.00E+00  1 0                    7/2+  0                      
                                          1      0.926  1.000E+00  1.000E+00  0.000E+00
  8   0.943200   3.5 -1   0.00E+00  1 0                  (7/2-)  0                      
                                          1      0.943  1.000E+00  1.000E+00  0.000E+00
  9   1.101650   1.5  1   0.00E+00  2 1               3/2+,5/2+  0                      
                                          3      1.042  3.699E-01  3.699E-01  0.000E+00
                                          1      1.101  6.301E-01  6.301E-01  0.000E+00
 10   6.170100   0.5  1   0.00E+00  1 0                    1/2+  0                      
                                          3      6.110  1.000E+00  1.000E+00  0.000E+00
