120Sn  120   50    9    9    7    6    9.104074   10.688054
  1   0.000000   0.0  1  -1.00E+00  0 0                      0+  0                      
  2   1.171250   2.0  1   0.00E+00  1 0                      2+  0                      
                                          1      1.171  1.000E+00  1.000E+00  0.000E+00
  3   1.875120   0.0  1   0.00E+00  1 0                      0+  0                      
                                          2      0.704  1.000E+00  1.000E+00  0.000E+00
  4   2.097110   2.0  1   0.00E+00  2 0                      2+  0                      
                                          2      0.926  6.690E-01  6.690E-01  0.000E+00
                                          1      2.097  3.310E-01  3.310E-01  0.000E+00
  5   2.159920   0.0  1   0.00E+00  1 0                      0+  0                      
                                          2      0.989  1.000E+00  1.000E+00  0.000E+00
  6   2.355440   2.0  1   0.00E+00  2 0                      2+  0                      
                                          2      1.184  7.391E-01  7.391E-01  0.000E+00
                                          1      2.355  2.609E-01  2.609E-01  0.000E+00
  7   2.420860   1.0  1   0.00E+00  1 1                1+,2+,3+  0                      
                                          1      2.421  1.000E+00  1.000E+00  0.000E+00
  8   2.587020   0.0  1   0.00E+00  1 0                      0+  0                      
                                          2      1.416  1.000E+00  1.000E+00  0.000E+00
  9   9.107200   0.0  1   0.00E+00  0 1                   0+,1+  0                      
