131Te  131   52   12    9    8    3    5.929380   10.214306
  1   0.000000   1.5  1  -1.00E+00  0 0                    3/2+  0                      
  2   0.182250   5.5 -1   1.08E+05  1 0                   11/2-  0                      
                                          1      0.182  0.000E+00  0.000E+00  0.000E+00
  3   0.296015   0.5  1   0.00E+00  1 0                    1/2+  0                      
                                          1      0.296  1.000E+00  1.000E+00  0.000E+00
  4   0.642090   2.5  1   0.00E+00  0 0                  (5/2)+  0                      
  5   2.511100   1.5 -1   0.00E+00  1 0                  (3/2)-  0                      
                                          1      2.511  1.000E+00  1.000E+00  0.000E+00
  6   2.582770   1.5 -1   0.00E+00  2 0                  (3/2)-  0                      
                                          3      2.287  7.902E-01  7.902E-01  0.000E+00
                                          1      2.582  2.098E-01  2.098E-01  0.000E+00
  7   3.001550   1.5 -1   0.00E+00  1 0                  (3/2)-  0                      
                                          3      2.706  1.000E+00  1.000E+00  0.000E+00
  8   3.690100   0.5 -1   0.00E+00  0 1               1/2-,3/2-  0                      
  9   4.072940   0.5 -1   0.00E+00  1 1               1/2-,3/2-  0                      
                                          3      3.777  1.000E+00  1.000E+00  0.000E+00
 10   4.286500   0.5 -1   0.00E+00  1 1               1/2-,3/2-  0                      
                                          1      4.286  1.000E+00  1.000E+00  0.000E+00
 11   4.545900   0.5  1   0.00E+00  0 0                  (1/2+)  0                      
 12   5.930160   0.5  1   0.00E+00  1 0                    1/2+  0                      
                                          6      3.347  1.000E+00  1.000E+00  0.000E+00
