129Xe  129   54    5    5    3    1    6.906854    8.247011
  1   0.000000   0.5  1  -1.00E+00  0 0                    1/2+  0                      
  2   0.039578   1.5  1   0.00E+00  0 0                    3/2+  0                      
  3   0.318140   1.5  1   0.00E+00  2 0                    3/2+  0                      
                                          2      0.279  3.521E-01  3.521E-01  0.000E+00
                                          1      0.318  6.479E-01  6.479E-01  0.000E+00
  4   0.321630   2.5  1   0.00E+00  2 0                    5/2+  0                      
                                          2      0.282  7.800E-01  7.800E-01  0.000E+00
                                          1      0.322  2.200E-01  2.200E-01  0.000E+00
  5   0.442700   2.5  1   0.00E+00  1 0                  (5/2)+  0                      
                                          2      0.403  1.000E+00  1.000E+00  0.000E+00
