134Cs  134   55   67  392   65    2    6.891540    6.536553
  1   0.000000   4.0  1   6.51E+07  0 0                      4+  0                      
  2   0.011245   5.0  1   0.00E+00  1 0                      5+  0                      
                                          1      0.011  1.000E+00  1.000E+00  0.000E+00
  3   0.060030   3.0  1   0.00E+00  2 0                    (3)+  0                      
                                          2      0.049  4.378E-01  4.378E-01  0.000E+00
                                          1      0.060  5.622E-01  5.622E-01  0.000E+00
  4   0.138744   8.0 -1   1.05E+04  2 0                      8-  0                      
                                          2      0.127  0.000E+00  0.000E+00  0.000E+00
                                          1      0.139  0.000E+00  0.000E+00  0.000E+00
  5   0.173795   2.0  1   0.00E+00  2 1                  (2,3)+  0                      
                                          3      0.114  9.885E-01  9.885E-01  0.000E+00
                                          1      0.174  1.145E-02  1.145E-02  0.000E+00
  6   0.176404   3.0 -1   4.97E-08  2 1                   3-,4-  0                      
                                          3      0.116  3.601E-01  3.601E-01  0.000E+00
                                          1      0.176  6.399E-01  6.399E-01  0.000E+00
  7   0.176640   1.0  1   0.00E+00  1 0                    (1)+  0                      
                                          3      0.117  1.000E+00  1.000E+00  0.000E+00
  8   0.190262   3.0  1   0.00E+00  3 0                    (3)+  0                      
                                          3      0.130  8.987E-01  8.987E-01  0.000E+00
                                          2      0.179  9.560E-02  9.560E-02  0.000E+00
                                          1      0.190  5.736E-03  5.736E-03  0.000E+00
  9   0.193616   4.0 -1   0.00E+00  3 0                      4-  0                      
                                          6      0.017  7.285E-01  7.285E-01  0.000E+00
                                          3      0.134  2.517E-01  2.517E-01  0.000E+00
                                          2      0.182  1.987E-02  1.987E-02  0.000E+00
 10   0.197783   2.0  1   0.00E+00  4 0                    (2)+  0                      
                                          7      0.021  2.360E-01  2.360E-01  0.000E+00
                                          5      0.024  1.798E-01  1.798E-01  0.000E+00
                                          3      0.138  3.371E-01  3.371E-01  0.000E+00
                                          1      0.198  2.472E-01  2.472E-01  0.000E+00
 11   0.209546   4.0  1   0.00E+00  3 1                  (4,5)+  0                      
                                          3      0.150  2.000E-02  2.000E-02  0.000E+00
                                          2      0.198  9.192E-01  9.192E-01  0.000E+00
                                          1      0.210  6.083E-02  6.083E-02  0.000E+00
 12   0.234335   3.0  1   0.00E+00  4 0                    (3)+  0                      
                                          8      0.044  4.479E-03  4.479E-03  0.000E+00
                                          3      0.174  2.808E-01  2.808E-01  0.000E+00
                                          2      0.223  2.139E-03  2.139E-03  0.000E+00
                                          1      0.234  7.126E-01  7.126E-01  0.000E+00
 13   0.257107   6.0 -1   1.23E-08  3 0                      6-  0                      
                                          9      0.063  6.148E-03  6.148E-03  0.000E+00
                                          4      0.118  2.357E-01  2.357E-01  0.000E+00
                                          2      0.246  7.582E-01  7.582E-01  0.000E+00
 14   0.267662   4.0 -1   0.00E+00  1 1                   4-,5-  0                      
                                          9      0.074  1.000E+00  1.000E+00  0.000E+00
 15   0.271349   2.0  1   0.00E+00  7 1                  (2,3)+  0                      
                                         12      0.037  1.090E-02  1.090E-02  0.000E+00
                                         10      0.074  2.362E-01  2.362E-01  0.000E+00
                                          8      0.081  1.211E-02  1.211E-02  0.000E+00
                                          6      0.095  1.211E-02  1.211E-02  0.000E+00
                                          5      0.098  2.220E-02  2.220E-02  0.000E+00
                                          3      0.211  4.501E-01  4.501E-01  0.000E+00
                                          1      0.271  2.564E-01  2.564E-01  0.000E+00
 16   0.290967   2.0  1   0.00E+00  3 0                    (2)+  0                      
                                         10      0.093  3.233E-01  3.233E-01  0.000E+00
                                          7      0.114  3.759E-01  3.759E-01  0.000E+00
                                          5      0.117  3.008E-01  3.008E-01  0.000E+00
 17   0.344359   7.0 -1   0.00E+00  2 0                      7-  0                      
                                         13      0.087  6.423E-02  6.423E-02  0.000E+00
                                          4      0.206  9.358E-01  9.358E-01  0.000E+00
 18   0.377102   4.0  1   0.00E+00  5 0                      4+  0                      
                                         12      0.143  1.313E-01  1.313E-01  0.000E+00
                                         11      0.168  2.158E-02  2.158E-02  0.000E+00
                                          8      0.187  5.072E-01  5.072E-01  0.000E+00
                                          3      0.317  2.680E-01  2.680E-01  0.000E+00
                                          2      0.366  7.194E-02  7.194E-02  0.000E+00
 19   0.382983   6.0 -1   0.00E+00  3 0                      6-  0                      
                                         17      0.039  3.636E-01  3.636E-01  0.000E+00
                                         14      0.115  4.091E-02  4.091E-02  0.000E+00
                                          2      0.372  5.955E-01  5.955E-01  0.000E+00
 20   0.434175   6.0 -1   0.00E+00  2 1                   6-,7-  0                      
                                         13      0.177  2.979E-01  2.979E-01  0.000E+00
                                          4      0.295  7.021E-01  7.021E-01  0.000E+00
 21   0.450238   5.0 -1   0.00E+00  5 0                      5-  0                      
                                         19      0.067  1.624E-01  1.624E-01  0.000E+00
                                         11      0.241  1.661E-02  1.661E-02  0.000E+00
                                          9      0.257  4.336E-01  4.336E-01  0.000E+00
                                          2      0.439  2.583E-01  2.583E-01  0.000E+00
                                          1      0.450  1.292E-01  1.292E-01  0.000E+00
 22   0.451426   3.0  1   0.00E+00 10 0                    (3)+  0                      
                                         15      0.180  1.182E-01  1.182E-01  0.000E+00
                                         12      0.217  4.076E-03  4.076E-03  0.000E+00
                                         10      0.254  1.630E-02  1.630E-02  0.000E+00
                                          9      0.258  1.087E-02  1.087E-02  0.000E+00
                                          8      0.261  5.448E-01  5.448E-01  0.000E+00
                                          7      0.275  2.174E-02  2.174E-02  0.000E+00
                                          6      0.275  6.793E-03  6.793E-03  0.000E+00
                                          5      0.278  8.967E-02  8.967E-02  0.000E+00
                                          3      0.391  1.087E-01  1.087E-01  0.000E+00
                                          1      0.451  7.880E-02  7.880E-02  0.000E+00
 23   0.454088   3.0  1   0.00E+00  6 1                   3+,4+  0                      
                                         18      0.077  1.697E-02  1.697E-02  0.000E+00
                                         12      0.220  4.170E-01  4.170E-01  0.000E+00
                                         11      0.245  1.939E-02  1.939E-02  0.000E+00
                                          8      0.264  9.576E-02  9.576E-02  0.000E+00
                                          2      0.443  3.830E-01  3.830E-01  0.000E+00
                                          1      0.454  6.788E-02  6.788E-02  0.000E+00
 24   0.483656   3.0 -1   0.00E+00  1 1                  (3,4)-  0                      
                                          7      0.307  1.000E+00  1.000E+00  0.000E+00
 25   0.502841   3.0  1   0.00E+00  6 1                  (3,4)+  0                      
                                         18      0.126  1.146E-02  1.146E-02  0.000E+00
                                         11      0.293  3.533E-01  3.533E-01  0.000E+00
                                         10      0.305  1.165E-01  1.165E-01  0.000E+00
                                          8      0.313  6.875E-03  6.875E-03  0.000E+00
                                          2      0.492  2.292E-02  2.292E-02  0.000E+00
                                          1      0.503  4.889E-01  4.889E-01  0.000E+00
 26   0.519322   3.0  1   0.00E+00  6 1                  (3,4)+  0                      
                                         18      0.142  6.842E-03  6.842E-03  0.000E+00
                                         12      0.285  9.123E-02  9.123E-02  0.000E+00
                                         11      0.310  4.914E-01  4.914E-01  0.000E+00
                                          8      0.329  1.140E-01  1.140E-01  0.000E+00
                                          2      0.508  1.182E-01  1.182E-01  0.000E+00
                                          1      0.519  1.783E-01  1.783E-01  0.000E+00
 27   0.539655   3.0  1   0.00E+00  3 1                (3,4,5)+  0                      
                                          5      0.366  4.836E-01  4.836E-01  0.000E+00
                                          3      0.480  1.408E-01  1.408E-01  0.000E+00
                                          2      0.528  3.756E-01  3.756E-01  0.000E+00
 28   0.570826   4.0 -1   0.00E+00  7 0                      4-  0                      
                                         21      0.121  1.838E-01  1.838E-01  0.000E+00
                                         14      0.303  2.441E-02  2.441E-02  0.000E+00
                                         12      0.336  5.238E-03  5.238E-03  0.000E+00
                                         11      0.361  3.551E-03  3.551E-03  0.000E+00
                                          8      0.381  1.332E-03  1.332E-03  0.000E+00
                                          3      0.511  6.836E-01  6.836E-01  0.000E+00
                                          1      0.571  9.810E-02  9.810E-02  0.000E+00
 29   0.579132   2.0  1   0.00E+00  7 1                  (2,3)+  0                      
                                         22      0.128  3.180E-02  3.180E-02  0.000E+00
                                         15      0.308  1.696E-02  1.696E-02  0.000E+00
                                         12      0.345  1.505E-02  1.505E-02  0.000E+00
                                          8      0.389  7.632E-03  7.632E-03  0.000E+00
                                          7      0.402  1.081E-01  1.081E-01  0.000E+00
                                          3      0.519  7.399E-01  7.399E-01  0.000E+00
                                          1      0.579  8.056E-02  8.056E-02  0.000E+00
 30   0.584181   2.0  1   0.00E+00  7 1                  (2,3)+  0                      
                                         22      0.133  5.738E-02  5.738E-02  0.000E+00
                                         12      0.350  1.230E-01  1.230E-01  0.000E+00
                                         10      0.386  2.049E-02  2.049E-02  0.000E+00
                                          7      0.408  4.918E-02  4.918E-02  0.000E+00
                                          5      0.410  2.049E-02  2.049E-02  0.000E+00
                                          3      0.524  6.189E-01  6.189E-01  0.000E+00
                                          1      0.584  1.107E-01  1.107E-01  0.000E+00
 31   0.613021   4.0 -1   0.00E+00  3 1                  (4,5)-  0                      
                                         14      0.345  6.250E-01  6.250E-01  0.000E+00
                                          2      0.602  2.833E-01  2.833E-01  0.000E+00
                                          1      0.613  9.167E-02  9.167E-02  0.000E+00
 32   0.621995   2.0  1   0.00E+00  3 1              (2,3,4,5)+  0                      
                                         18      0.245  2.688E-02  2.688E-02  0.000E+00
                                         11      0.412  2.742E-01  2.742E-01  0.000E+00
                                          3      0.562  6.989E-01  6.989E-01  0.000E+00
 33   0.624008   5.0 -1   0.00E+00  3 0                    (5)-  0                      
                                         20      0.190  3.121E-01  3.121E-01  0.000E+00
                                         17      0.280  2.181E-01  2.181E-01  0.000E+00
                                         14      0.356  4.698E-01  4.698E-01  0.000E+00
 34   0.643963   4.0 -1   0.00E+00  6 0                      4-  0                      
                                         21      0.194  3.387E-02  3.387E-02  0.000E+00
                                         14      0.376  1.613E-02  1.613E-02  0.000E+00
                                         13      0.387  1.315E-01  1.315E-01  0.000E+00
                                          9      0.450  7.984E-01  7.984E-01  0.000E+00
                                          7      0.467  1.129E-02  1.129E-02  0.000E+00
                                          6      0.468  8.871E-03  8.871E-03  0.000E+00
 35   0.684503   2.0 -1   0.00E+00  2 1                  (2,3)-  0                      
                                         24      0.201  6.750E-01  6.750E-01  0.000E+00
                                         16      0.394  3.250E-01  3.250E-01  0.000E+00
 36   0.688627   4.0  1   0.00E+00  8 0                    (4)+  0                      
                                         33      0.065  0.000E+00  0.000E+00  0.000E+00
                                         22      0.237  1.287E-02  1.287E-02  0.000E+00
                                         15      0.417  3.057E-01  3.057E-01  0.000E+00
                                         11      0.479  1.223E-02  1.223E-02  0.000E+00
                                         10      0.491  1.351E-01  1.351E-01  0.000E+00
                                          5      0.515  3.539E-02  3.539E-02  0.000E+00
                                          3      0.629  3.121E-01  3.121E-01  0.000E+00
                                          1      0.689  1.866E-01  1.866E-01  0.000E+00
 37   0.693841   2.0  0   0.00E+00  5 1                (2,3,4+)  0                      
                                         16      0.403  3.027E-02  3.027E-02  0.000E+00
                                         15      0.422  1.626E-01  1.626E-01  0.000E+00
                                          8      0.504  1.289E-01  1.289E-01  0.000E+00
                                          5      0.520  5.045E-02  5.045E-02  0.000E+00
                                          3      0.634  6.278E-01  6.278E-01  0.000E+00
 38   0.701997   3.0 -1   0.00E+00  9 1                   3-,4-  0                      
                                         28      0.131  5.293E-02  5.293E-02  0.000E+00
                                         24      0.218  3.029E-01  3.029E-01  0.000E+00
                                         15      0.431  3.137E-03  3.137E-03  0.000E+00
                                         14      0.434  6.469E-02  6.469E-02  0.000E+00
                                         10      0.504  7.842E-03  7.842E-03  0.000E+00
                                          9      0.508  5.195E-02  5.195E-02  0.000E+00
                                          7      0.525  3.823E-01  3.823E-01  0.000E+00
                                          6      0.526  1.274E-01  1.274E-01  0.000E+00
                                          3      0.642  6.861E-03  6.861E-03  0.000E+00
 39   0.715821   2.0 -1   0.00E+00  5 1                  (2,3)-  0                      
                                         24      0.232  1.809E-01  1.809E-01  0.000E+00
                                         10      0.518  1.302E-02  1.302E-02  0.000E+00
                                          9      0.522  2.460E-02  2.460E-02  0.000E+00
                                          7      0.539  5.210E-01  5.210E-01  0.000E+00
                                          6      0.539  2.605E-01  2.605E-01  0.000E+00
 40   0.741279   3.0  1   0.00E+00  8 1                  (3+,4)  0                      
                                         26      0.222  8.858E-03  8.858E-03  0.000E+00
                                         22      0.290  2.309E-02  2.309E-02  0.000E+00
                                         18      0.364  2.531E-02  2.531E-02  0.000E+00
                                         11      0.532  6.327E-02  6.327E-02  0.000E+00
                                          5      0.567  1.645E-01  1.645E-01  0.000E+00
                                          3      0.681  3.480E-01  3.480E-01  0.000E+00
                                          2      0.730  1.424E-01  1.424E-01  0.000E+00
                                          1      0.741  2.246E-01  2.246E-01  0.000E+00
 41   0.752701   4.0 -1   0.00E+00  9 0                      4-  0                      
                                         38      0.051  2.011E-02  2.011E-02  0.000E+00
                                         34      0.109  2.011E-02  2.011E-02  0.000E+00
                                         21      0.302  2.377E-01  2.377E-01  0.000E+00
                                         14      0.485  1.718E-01  1.718E-01  0.000E+00
                                         13      0.496  1.408E-01  1.408E-01  0.000E+00
                                          9      0.559  1.389E-01  1.389E-01  0.000E+00
                                          7      0.576  1.335E-01  1.335E-01  0.000E+00
                                          6      0.576  6.947E-02  6.947E-02  0.000E+00
                                          3      0.693  6.764E-02  6.764E-02  0.000E+00
 42   0.801241   1.0  1   0.00E+00  4 1             (1+,2,3,4+)  0                      
                                         23      0.347  2.362E-01  2.362E-01  0.000E+00
                                         15      0.530  2.362E-01  2.362E-01  0.000E+00
                                         12      0.567  4.724E-02  4.724E-02  0.000E+00
                                         10      0.603  4.803E-01  4.803E-01  0.000E+00
 43   0.821616   2.0  0   0.00E+00  6 1                (2,3,4+)  0                      
                                         29      0.242  2.721E-02  2.721E-02  0.000E+00
                                         16      0.531  1.649E-01  1.649E-01  0.000E+00
                                         12      0.587  7.420E-02  7.420E-02  0.000E+00
                                         10      0.624  4.534E-01  4.534E-01  0.000E+00
                                          7      0.645  1.319E-01  1.319E-01  0.000E+00
                                          3      0.762  1.484E-01  1.484E-01  0.000E+00
 44   0.831683   4.0 -1   0.00E+00  7 1                   4-,5-  0                      
                                         41      0.079  7.562E-02  7.562E-02  0.000E+00
                                         34      0.188  1.246E-02  1.246E-02  0.000E+00
                                         33      0.208  4.137E-01  4.137E-01  0.000E+00
                                         22      0.380  1.335E-02  1.335E-02  0.000E+00
                                         14      0.564  1.779E-01  1.779E-01  0.000E+00
                                         13      0.575  2.714E-01  2.714E-01  0.000E+00
                                          3      0.772  3.559E-02  3.559E-02  0.000E+00
 45   0.835717   2.0  1   0.00E+00  9 1             (2+,3,4,5+)  0                      
                                         26      0.316  2.828E-02  2.828E-02  0.000E+00
                                         23      0.382  1.333E-01  1.333E-01  0.000E+00
                                         22      0.384  6.869E-02  6.869E-02  0.000E+00
                                         15      0.564  2.626E-02  2.626E-02  0.000E+00
                                         12      0.601  1.616E-01  1.616E-01  0.000E+00
                                          8      0.645  5.010E-01  5.010E-01  0.000E+00
                                          7      0.659  2.020E-02  2.020E-02  0.000E+00
                                          5      0.662  2.222E-02  2.222E-02  0.000E+00
                                          1      0.836  3.838E-02  3.838E-02  0.000E+00
 46   0.839813   3.0 -1   0.00E+00  7 1                   3-,4-  0                      
                                         28      0.269  1.940E-01  1.940E-01  0.000E+00
                                         24      0.356  4.337E-01  4.337E-01  0.000E+00
                                         18      0.463  3.899E-03  3.899E-03  0.000E+00
                                          9      0.646  6.238E-02  6.238E-02  0.000E+00
                                          7      0.663  1.511E-01  1.511E-01  0.000E+00
                                          6      0.663  6.823E-02  6.823E-02  0.000E+00
                                          5      0.666  8.674E-02  8.674E-02  0.000E+00
 47   0.880347   3.0  1   0.00E+00  6 1                 (3+,4+)  0                      
                                         38      0.178  2.081E-02  2.081E-02  0.000E+00
                                         30      0.296  1.943E-02  1.943E-02  0.000E+00
                                         23      0.426  9.482E-02  9.482E-02  0.000E+00
                                         10      0.683  2.775E-01  2.775E-01  0.000E+00
                                          2      0.869  3.238E-01  3.238E-01  0.000E+00
                                          1      0.880  2.636E-01  2.636E-01  0.000E+00
 48   0.912607   3.0  1   0.00E+00 11 1                   3+,4+  0                      
                                         42      0.111  7.011E-03  7.011E-03  0.000E+00
                                         36      0.224  4.674E-03  4.674E-03  0.000E+00
                                         32      0.291  5.609E-02  5.609E-02  0.000E+00
                                         22      0.461  2.314E-01  2.314E-01  0.000E+00
                                         14      0.645  0.000E+00  0.000E+00  0.000E+00
                                         12      0.678  1.823E-01  1.823E-01  0.000E+00
                                         10      0.715  2.103E-02  2.103E-02  0.000E+00
                                          8      0.722  2.711E-01  2.711E-01  0.000E+00
                                          5      0.739  2.314E-02  2.314E-02  0.000E+00
                                          3      0.853  7.946E-02  7.946E-02  0.000E+00
                                          2      0.901  1.239E-01  1.239E-01  0.000E+00
 49   0.916175   3.0 -1   0.00E+00  6 1                   3-,4-  0                      
                                         34      0.272  2.134E-01  2.134E-01  0.000E+00
                                         21      0.466  1.670E-02  1.670E-02  0.000E+00
                                         14      0.649  7.205E-01  7.205E-01  0.000E+00
                                         13      0.659  0.000E+00  0.000E+00  0.000E+00
                                         12      0.682  2.474E-02  2.474E-02  0.000E+00
                                          6      0.740  2.474E-02  2.474E-02  0.000E+00
 50   0.937627   4.0 -1   0.00E+00  6 0                    (4)-  0                      
                                         34      0.294  2.545E-02  2.545E-02  0.000E+00
                                         28      0.367  1.781E-02  1.781E-02  0.000E+00
                                         22      0.486  2.036E-01  2.036E-01  0.000E+00
                                         21      0.487  1.196E-01  1.196E-01  0.000E+00
                                         19      0.555  5.242E-01  5.242E-01  0.000E+00
                                         12      0.703  1.094E-01  1.094E-01  0.000E+00
 51   0.941361   4.0 -1   0.00E+00  3 0                    (4-)  0                      
                                         19      0.558  3.268E-02  3.268E-02  0.000E+00
                                          3      0.881  1.438E-01  1.438E-01  0.000E+00
                                          2      0.930  8.235E-01  8.235E-01  0.000E+00
 52   0.948138   2.0 -1   0.00E+00  4 1                2-,3-,4-  0                      
                                         28      0.377  6.966E-01  6.966E-01  0.000E+00
                                         27      0.408  7.191E-02  7.191E-02  0.000E+00
                                         24      0.464  2.135E-01  2.135E-01  0.000E+00
                                          6      0.772  1.798E-02  1.798E-02  0.000E+00
 53   0.976311   3.0 -1   0.00E+00  9 1                   3-,4-  0                      
                                         46      0.136  1.705E-02  1.705E-02  0.000E+00
                                         40      0.235  1.420E-02  1.420E-02  0.000E+00
                                         28      0.405  2.244E-01  2.244E-01  0.000E+00
                                         21      0.526  8.523E-02  8.523E-02  0.000E+00
                                         14      0.709  2.983E-01  2.983E-01  0.000E+00
                                         12      0.742  3.409E-02  3.409E-02  0.000E+00
                                          9      0.783  3.125E-02  3.125E-02  0.000E+00
                                          7      0.800  2.131E-01  2.131E-01  0.000E+00
                                          6      0.800  8.239E-02  8.239E-02  0.000E+00
 54   0.991879   4.0 -1   0.00E+00  5 1                   4-,5-  0                      
                                         33      0.368  5.691E-01  5.691E-01  0.000E+00
                                         28      0.421  2.829E-01  2.829E-01  0.000E+00
                                         21      0.542  5.921E-02  5.921E-02  0.000E+00
                                         18      0.615  5.263E-02  5.263E-02  0.000E+00
                                         13      0.735  3.618E-02  3.618E-02  0.000E+00
 55   1.043522   4.0  1   0.00E+00  4 0                    (4)+  0                      
                                         25      0.541  8.375E-01  8.375E-01  0.000E+00
                                         24      0.560  5.625E-02  5.625E-02  0.000E+00
                                         21      0.593  3.750E-02  3.750E-02  0.000E+00
                                         16      0.753  6.875E-02  6.875E-02  0.000E+00
 56   1.088428   3.0 -1   0.00E+00 10 1                  (3,4)-  0                      
                                         40      0.347  1.211E-01  1.211E-01  0.000E+00
                                         38      0.386  8.292E-03  8.292E-03  0.000E+00
                                         34      0.444  1.891E-01  1.891E-01  0.000E+00
                                         30      0.504  0.000E+00  0.000E+00  0.000E+00
                                         28      0.518  4.643E-02  4.643E-02  0.000E+00
                                         14      0.821  9.784E-02  9.784E-02  0.000E+00
                                          9      0.895  8.624E-02  8.624E-02  0.000E+00
                                          7      0.912  2.935E-01  2.935E-01  0.000E+00
                                          6      0.912  9.453E-02  9.453E-02  0.000E+00
                                          3      1.028  6.302E-02  6.302E-02  0.000E+00
 57   1.094553   2.0 -1   0.00E+00  9 0                    (2)-  0                      
                                         52      0.146  1.887E-02  1.887E-02  0.000E+00
                                         46      0.255  2.604E-01  2.604E-01  0.000E+00
                                         24      0.611  2.566E-01  2.566E-01  0.000E+00
                                         15      0.823  4.528E-02  4.528E-02  0.000E+00
                                         12      0.860  5.283E-02  5.283E-02  0.000E+00
                                          8      0.904  1.509E-01  1.509E-01  0.000E+00
                                          7      0.918  4.906E-02  4.906E-02  0.000E+00
                                          6      0.918  6.038E-02  6.038E-02  0.000E+00
                                          3      1.035  1.057E-01  1.057E-01  0.000E+00
 58   1.100331   2.0 -1   0.00E+00  7 1                  (2,3)-  0                      
                                         53      0.124  5.375E-03  5.375E-03  0.000E+00
                                         48      0.188  0.000E+00  0.000E+00  0.000E+00
                                         46      0.261  1.433E-02  1.433E-02  0.000E+00
                                         34      0.456  1.093E-02  1.093E-02  0.000E+00
                                         28      0.530  9.299E-01  9.299E-01  0.000E+00
                                         16      0.809  2.150E-02  2.150E-02  0.000E+00
                                         10      0.903  1.792E-02  1.792E-02  0.000E+00
 59   1.142862   2.0 -1   0.00E+00  7 1                (2,3,4)-  0                      
                                         52      0.195  1.369E-01  1.369E-01  0.000E+00
                                         39      0.427  8.516E-03  8.516E-03  0.000E+00
                                         35      0.458  2.190E-01  2.190E-01  0.000E+00
                                         22      0.691  9.124E-02  9.124E-02  0.000E+00
                                         21      0.693  0.000E+00  0.000E+00  0.000E+00
                                          9      0.949  3.345E-02  3.345E-02  0.000E+00
                                          6      0.966  5.109E-01  5.109E-01  0.000E+00
 60   1.162508   3.0 -1   0.00E+00 11 1                  (3-,4)  0                      
                                         50      0.225  7.042E-03  7.042E-03  0.000E+00
                                         46      0.323  2.329E-02  2.329E-02  0.000E+00
                                         42      0.361  0.000E+00  0.000E+00  0.000E+00
                                         28      0.592  5.598E-02  5.598E-02  0.000E+00
                                         23      0.708  3.973E-01  3.973E-01  0.000E+00
                                         21      0.712  2.040E-01  2.040E-01  0.000E+00
                                         14      0.895  0.000E+00  0.000E+00  0.000E+00
                                          9      0.969  3.792E-02  3.792E-02  0.000E+00
                                          7      0.986  1.408E-01  1.408E-01  0.000E+00
                                          6      0.986  4.875E-02  4.875E-02  0.000E+00
                                          3      1.102  8.487E-02  8.487E-02  0.000E+00
 61   1.238872   5.0 -1   0.00E+00  4 0                      5-  0                      
                                         49      0.323  5.484E-02  5.484E-02  0.000E+00
                                         18      0.862  2.258E-01  2.258E-01  0.000E+00
                                         17      0.895  3.323E-01  3.323E-01  0.000E+00
                                          9      1.045  3.871E-01  3.871E-01  0.000E+00
 62   1.254203   3.0 -1   0.00E+00 11 1                   3-,4-  0                      
                                         59      0.111  0.000E+00  0.000E+00  0.000E+00
                                         57      0.160  2.908E-03  2.908E-03  0.000E+00
                                         52      0.306  1.357E-02  1.357E-02  0.000E+00
                                         49      0.338  8.337E-02  8.337E-02  0.000E+00
                                         48      0.342  1.415E-02  1.415E-02  0.000E+00
                                         43      0.433  3.296E-02  3.296E-02  0.000E+00
                                         39      0.538  3.490E-02  3.490E-02  0.000E+00
                                         28      0.683  4.071E-02  4.071E-02  0.000E+00
                                         24      0.771  2.016E-01  2.016E-01  0.000E+00
                                          7      1.078  4.052E-01  4.052E-01  0.000E+00
                                          6      1.078  1.706E-01  1.706E-01  0.000E+00
 63   1.266168   3.0 -1   0.00E+00  8 1                  (3-,4)  0                      
                                         53      0.290  2.301E-02  2.301E-02  0.000E+00
                                         39      0.550  3.467E-02  3.467E-02  0.000E+00
                                         28      0.695  1.229E-01  1.229E-01  0.000E+00
                                         27      0.727  4.097E-02  4.097E-02  0.000E+00
                                         22      0.815  1.765E-01  1.765E-01  0.000E+00
                                         21      0.816  6.934E-02  6.934E-02  0.000E+00
                                         14      0.999  3.246E-01  3.246E-01  0.000E+00
                                          9      1.073  2.080E-01  2.080E-01  0.000E+00
 64   1.319240  -1.0  0   0.00E+00  1 0                          0                      
                                         21      0.869  1.000E+00  1.000E+00  0.000E+00
 65   1.385890  -1.0  0   0.00E+00  7 0                          0                      
                                         35      0.701  6.606E-02  6.606E-02  0.000E+00
                                         23      0.932  1.339E-01  1.339E-01  0.000E+00
                                         21      0.936  2.385E-01  2.385E-01  0.000E+00
                                         18      1.009  9.174E-02  9.174E-02  0.000E+00
                                         15      1.115  8.991E-02  8.991E-02  0.000E+00
                                         14      1.118  1.266E-01  1.266E-01  0.000E+00
                                          6      1.210  2.532E-01  2.532E-01  0.000E+00
 66   1.397760  -1.0  0   0.00E+00  0 0                          0                      
 67   6.891391   3.0  1   0.00E+00 58 1                   3+,4+  0                      
                                         66      5.494  6.417E-02  6.417E-02  0.000E+00
                                         65      5.505  9.291E-02  9.291E-02  0.000E+00
                                         64      5.572  6.948E-02  6.948E-02  0.000E+00
                                         63      5.625  3.097E-02  3.097E-02  0.000E+00
                                         62      5.637  7.729E-02  7.729E-02  0.000E+00
                                         61      5.652  2.232E-03  2.232E-03  0.000E+00
                                         60      5.729  2.427E-02  2.427E-02  0.000E+00
                                         59      5.748  4.074E-02  4.074E-02  0.000E+00
                                         58      5.791  3.823E-02  3.823E-02  0.000E+00
                                         57      5.797  3.627E-03  3.627E-03  0.000E+00
                                         56      5.803  3.348E-02  3.348E-02  0.000E+00
                                         55      5.848  1.088E-03  1.088E-03  0.000E+00
                                         54      5.899  3.237E-02  3.237E-02  0.000E+00
                                         53      5.915  1.311E-02  1.311E-02  0.000E+00
                                         52      5.943  5.580E-04  5.580E-04  0.000E+00
                                         51      5.950  1.256E-02  1.256E-02  0.000E+00
                                         50      5.954  1.116E-03  1.116E-03  0.000E+00
                                         49      5.975  7.533E-03  7.533E-03  0.000E+00
                                         48      5.979  2.762E-02  2.762E-02  0.000E+00
                                         47      6.011  1.116E-04  1.116E-04  0.000E+00
                                         46      6.051  6.696E-02  6.696E-02  0.000E+00
                                         45      6.056  2.790E-03  2.790E-03  0.000E+00
                                         44      6.060  1.674E-03  1.674E-03  0.000E+00
                                         43      6.070  8.929E-04  8.929E-04  0.000E+00
                                         42      6.090  4.185E-04  4.185E-04  0.000E+00
                                         41      6.139  1.702E-02  1.702E-02  0.000E+00
                                         40      6.150  1.060E-02  1.060E-02  0.000E+00
                                         39      6.175  7.031E-02  7.031E-02  0.000E+00
                                         38      6.189  5.329E-02  5.329E-02  0.000E+00
                                         37      6.197  9.766E-03  9.766E-03  0.000E+00
                                         36      6.203  1.953E-03  1.953E-03  0.000E+00
                                         35      6.207  3.348E-04  3.348E-04  0.000E+00
                                         34      6.247  1.060E-02  1.060E-02  0.000E+00
                                         33      6.267  1.674E-04  1.674E-04  0.000E+00
                                         32      6.269  7.813E-04  7.813E-04  0.000E+00
                                         31      6.278  2.232E-04  2.232E-04  0.000E+00
                                         30      6.307  1.228E-02  1.228E-02  0.000E+00
                                         29      6.312  1.116E-03  1.116E-03  0.000E+00
                                         28      6.320  1.395E-02  1.395E-02  0.000E+00
                                         27      6.352  3.906E-04  3.906E-04  0.000E+00
                                         26      6.372  9.766E-04  9.766E-04  0.000E+00
                                         25      6.388  3.069E-03  3.069E-03  0.000E+00
                                         24      6.408  1.395E-04  1.395E-04  0.000E+00
                                         23      6.437  8.371E-04  8.371E-04  0.000E+00
                                         22      6.440  2.288E-02  2.288E-02  0.000E+00
                                         18      6.514  1.228E-02  1.228E-02  0.000E+00
                                         16      6.600  1.116E-04  1.116E-04  0.000E+00
                                         15      6.620  1.116E-03  1.116E-03  0.000E+00
                                         12      6.657  2.232E-03  2.232E-03  0.000E+00
                                         11      6.682  3.627E-04  3.627E-04  0.000E+00
                                         10      6.693  1.674E-03  1.674E-03  0.000E+00
                                          9      6.698  6.250E-02  6.250E-02  0.000E+00
                                          8      6.701  2.232E-03  2.232E-03  0.000E+00
                                          7      6.715  2.511E-02  2.511E-02  0.000E+00
                                          5      6.717  1.953E-03  1.953E-03  0.000E+00
                                          3      6.831  9.766E-03  9.766E-03  0.000E+00
                                          2      6.880  1.535E-03  1.535E-03  0.000E+00
                                          1      6.891  2.232E-03  2.232E-03  0.000E+00
