136Ba  136   56   48  101   47    4    9.107742    8.594094
  1   0.000000   0.0  1  -1.00E+00  0 0                      0+  0                      
  2   0.818530   2.0  1   0.00E+00  1 0                      2+  0                      
                                          1      0.819  1.000E+00  1.000E+00  0.000E+00
  3   1.551020   2.0  1   0.00E+00  2 0                      2+  0                      
                                          2      0.732  5.075E-01  5.075E-01  0.000E+00
                                          1      1.551  4.925E-01  4.925E-01  0.000E+00
  4   1.578840   0.0  1   0.00E+00  2 0                      0+  0                      
                                          2      0.760  1.000E+00  1.000E+00  0.000E+00
                                          1      1.579  0.000E+00  0.000E+00  0.000E+00
  5   1.811720  -1.0  0   0.00E+00  1 0                          0                      
                                          2      0.993  1.000E+00  1.000E+00  0.000E+00
  6   1.867130   4.0  1   0.00E+00  2 0                      4+  0                      
                                          2      1.048  1.000E+00  1.000E+00  0.000E+00
                                          1      1.867  0.000E+00  0.000E+00  0.000E+00
  7   2.030600   7.0 -1   3.08E-01  1 0                      7-  0                      
                                          6      0.164  0.000E+00  0.000E+00  0.000E+00
  8   2.053830   4.0  1   0.00E+00  2 0                      4+  0                      
                                          6      0.187  0.000E+00  0.000E+00  0.000E+00
                                          2      1.235  1.000E+00  1.000E+00  0.000E+00
  9   2.080050   2.0  1   0.00E+00  2 0                      2+  0                      
                                          2      1.262  9.277E-01  9.277E-01  0.000E+00
                                          1      2.080  7.227E-02  7.227E-02  0.000E+00
 10   2.128750   2.0  1   0.00E+00  2 0                      2+  0                      
                                          2      1.310  4.519E-01  4.519E-01  0.000E+00
                                          1      2.129  5.481E-01  5.481E-01  0.000E+00
 11   2.140900   5.0 -1   0.00E+00  2 0                      5-  0                      
                                          8      0.087  5.407E-01  5.407E-01  0.000E+00
                                          6      0.274  4.593E-01  4.593E-01  0.000E+00
 12   2.141350   0.0  1   0.00E+00  2 0                      0+  0                      
                                          2      1.323  5.957E-01  5.957E-01  0.000E+00
                                          1      2.141  4.043E-01  4.043E-01  0.000E+00
 13   2.153570  -1.0  0   0.00E+00  1 0                          0                      
                                          1      2.154  1.000E+00  1.000E+00  0.000E+00
 14   2.207670   6.0  1   0.00E+00  4 0                      6+  0                      
                                         12      0.066  8.933E-01  8.933E-01  0.000E+00
                                          8      0.154  0.000E+00  0.000E+00  0.000E+00
                                          7      0.177  0.000E+00  0.000E+00  0.000E+00
                                          6      0.341  1.067E-01  1.067E-01  0.000E+00
 15   2.222620   2.0  1   0.00E+00  2 0                      2+  0                      
                                          3      0.672  4.687E-01  4.687E-01  0.000E+00
                                          2      1.404  5.312E-01  5.312E-01  0.000E+00
 16   2.299480  -1.0  0   0.00E+00  1 0                          0                      
                                         11      0.159  1.000E+00  1.000E+00  0.000E+00
 17   2.315470   0.0  1   0.00E+00  2 0                      0+  0                      
                                          2      1.497  0.000E+00  0.000E+00  0.000E+00
                                          1      2.315  0.000E+00  0.000E+00  0.000E+00
 18   2.355600   4.0  1   0.00E+00  1 0                    4(+)  0                      
                                          2      1.537  1.000E+00  1.000E+00  0.000E+00
 19   2.374200  -1.0  0   0.00E+00  1 0                          0                      
                                          1      2.374  1.000E+00  1.000E+00  0.000E+00
 20   2.390660   3.0  0   0.00E+00  1 0                       3  0                      
                                          2      1.572  1.000E+00  1.000E+00  0.000E+00
 21   2.400000   1.0  1   0.00E+00  1 1                   1+,2+  0                      
                                          2      1.581  1.000E+00  1.000E+00  0.000E+00
 22   2.430540  -1.0  0   0.00E+00  1 0                          0                      
                                          1      2.431  0.000E+00  0.000E+00  0.000E+00
 23   2.485230   2.0  1   0.00E+00  2 0                      2+  0                      
                                          2      1.667  5.739E-01  5.739E-01  0.000E+00
                                          1      2.485  4.261E-01  4.261E-01  0.000E+00
 24   2.532630   3.0 -1   0.00E+00  2 0                      3-  0                      
                                          3      0.982  3.448E-01  3.448E-01  0.000E+00
                                          2      1.714  6.552E-01  6.552E-01  0.000E+00
 25   2.640800  -1.0  0   0.00E+00  1 0                          0                      
                                          1      2.641  0.000E+00  0.000E+00  0.000E+00
 26   2.661440   1.0  1   0.00E+00  1 1                   1+,2+  0                      
                                          2      1.843  1.000E+00  1.000E+00  0.000E+00
 27   2.693540  -1.0  0   0.00E+00  1 0                          0                      
                                          2      1.875  1.000E+00  1.000E+00  0.000E+00
 28   2.694000  -1.0  0   0.00E+00  1 0                          0                      
                                          1      2.694  1.000E+00  1.000E+00  0.000E+00
 29   2.773360  -1.0  0   0.00E+00  1 0                          0                      
                                          1      2.773  1.000E+00  1.000E+00  0.000E+00
 30   2.811700  -1.0  0   0.00E+00  1 0                          0                      
                                          2      1.993  1.000E+00  1.000E+00  0.000E+00
 31   2.995400   1.0  1   0.00E+00  1 1                  1,2(+)  0                      
                                          1      2.995  0.000E+00  0.000E+00  0.000E+00
 32   3.021350   1.0 -1   0.00E+00  4 0                    1(-)  0                      
                                          4      1.442  5.000E-01  5.000E-01  0.000E+00
                                          3      1.470  0.000E+00  0.000E+00  0.000E+00
                                          2      2.203  5.000E-01  5.000E-01  0.000E+00
                                          1      3.021  0.000E+00  0.000E+00  0.000E+00
 33   3.045220  -1.0  0   0.00E+00  2 0                          0                      
                                          2      2.227  0.000E+00  0.000E+00  0.000E+00
                                          1      3.045  1.000E+00  1.000E+00  0.000E+00
 34   3.116260  -1.0  0   0.00E+00  1 0                          0                      
                                          1      3.116  1.000E+00  1.000E+00  0.000E+00
 35   3.370800   1.0 -1   0.00E+00  1 0                      1-  0                      
                                          1      3.371  1.000E+00  1.000E+00  0.000E+00
 36   3.435600   0.0  1   0.00E+00  1 1             0(+),1,2,3+  0                      
                                          1      3.436  1.000E+00  1.000E+00  0.000E+00
 37   3.506220  -1.0  0   0.00E+00  2 0                          0                      
                                          3      1.955  1.000E+00  1.000E+00  0.000E+00
                                          1      3.506  0.000E+00  0.000E+00  0.000E+00
 38   3.691910   1.0 -1   0.00E+00  1 1               1(-),2,3+  0                      
                                          2      2.873  1.000E+00  1.000E+00  0.000E+00
 39   3.767900   0.0  1   0.00E+00  2 1           0(+),1,2,3(+)  0                      
                                         32      0.747  5.962E-01  5.962E-01  0.000E+00
                                         24      1.235  4.038E-01  4.038E-01  0.000E+00
 40   3.795200  -1.0  0   0.00E+00  3 0                          0                      
                                          3      2.244  6.516E-02  6.516E-02  0.000E+00
                                          2      2.977  9.073E-01  9.073E-01  0.000E+00
                                          1      3.795  2.757E-02  2.757E-02  0.000E+00
 41   3.863500  -1.0  0   0.00E+00  1 0                          0                      
                                          1      3.863  1.000E+00  1.000E+00  0.000E+00
 42   3.925200  -1.0  0   0.00E+00  3 0                          0                      
                                         39      0.157  4.560E-01  4.560E-01  0.000E+00
                                         33      0.880  3.360E-01  3.360E-01  0.000E+00
                                         10      1.796  2.080E-01  2.080E-01  0.000E+00
 43   3.965530  -1.0  0   0.00E+00  1 0                          0                      
                                          1      3.965  1.000E+00  1.000E+00  0.000E+00
 44   3.980400  -1.0  0   0.00E+00  1 0                          0                      
                                          1      3.980  1.000E+00  1.000E+00  0.000E+00
 45   3.992590   0.0  1   0.00E+00  2 1           0(+),1,2,3(+)  0                      
                                          3      2.442  1.000E+00  1.000E+00  0.000E+00
                                          1      3.993  0.000E+00  0.000E+00  0.000E+00
 46   4.008400   1.0  0   0.00E+00  2 1                  (1,2+)  0                      
                                          4      2.429  1.000E+00  1.000E+00  0.000E+00
                                          1      4.008  0.000E+00  0.000E+00  0.000E+00
 47   4.137350   2.0  1   0.00E+00  1 0                      2+  0                      
                                          1      4.137  1.000E+00  1.000E+00  0.000E+00
 48   9.107730  -1.0  0   0.00E+00 28 0                          0                      
                                         44      5.127  1.950E-02  1.950E-02  0.000E+00
                                         43      5.142  2.739E-02  2.739E-02  0.000E+00
                                         40      5.312  1.797E-01  1.797E-01  0.000E+00
                                         39      5.340  2.564E-02  2.564E-02  0.000E+00
                                         36      5.672  3.747E-02  3.747E-02  0.000E+00
                                         34      5.991  2.191E-02  2.191E-02  0.000E+00
                                         33      6.062  1.131E-01  1.131E-01  0.000E+00
                                         32      6.086  2.103E-02  2.103E-02  0.000E+00
                                         31      6.112  4.820E-03  4.820E-03  0.000E+00
                                         30      6.296  4.820E-03  4.820E-03  0.000E+00
                                         29      6.334  5.259E-03  5.259E-03  0.000E+00
                                         27      6.414  5.697E-03  5.697E-03  0.000E+00
                                         26      6.446  1.950E-02  1.950E-02  0.000E+00
                                         25      6.467  1.621E-02  1.621E-02  0.000E+00
                                         24      6.575  3.309E-02  3.309E-02  0.000E+00
                                         22      6.677  9.860E-03  9.860E-03  0.000E+00
                                         21      6.708  2.388E-02  2.388E-02  0.000E+00
                                         20      6.717  5.039E-03  5.039E-03  0.000E+00
                                         17      6.792  4.382E-03  4.382E-03  0.000E+00
                                         15      6.885  5.697E-02  5.697E-02  0.000E+00
                                         12      6.966  6.573E-03  6.573E-03  0.000E+00
                                         10      6.979  1.205E-02  1.205E-02  0.000E+00
                                          9      7.027  3.287E-02  3.287E-02  0.000E+00
                                          8      7.054  5.697E-03  5.697E-03  0.000E+00
                                          4      7.529  6.573E-02  6.573E-02  0.000E+00
                                          3      7.556  2.629E-02  2.629E-02  0.000E+00
                                          2      8.289  7.647E-02  7.647E-02  0.000E+00
                                          1      9.107  1.391E-01  1.391E-01  0.000E+00
