139La  139   57    5    6    4    4    8.780291    6.249546
  1   0.000000   3.5  1  -1.00E+00  0 0                    7/2+  0                      
  2   0.166010   2.5  1   0.00E+00  1 0                    5/2+  0                      
                                          1      0.166  1.000E+00  1.000E+00  0.000E+00
  3   1.219760   4.5  1   0.00E+00  2 0                    9/2+  0                      
                                          2      1.053  1.003E-01  1.003E-01  0.000E+00
                                          1      1.220  8.997E-01  8.997E-01  0.000E+00
  4   1.381390   4.5  1   0.00E+00  2 0                    9/2+  0                      
                                          2      1.216  9.548E-01  9.548E-01  0.000E+00
                                          1      1.381  4.523E-02  4.523E-02  0.000E+00
  5   1.537700   5.5  1   0.00E+00  1 0                 (11/2+)  0                      
                                          1      1.538  1.000E+00  1.000E+00  0.000E+00
