144Nd  144   60   84  145   83    6    7.817036    7.968800
  1   0.000000   0.0  1  -1.00E+00  0 0                      0+  0                      
  2   0.696501   2.0  1   0.00E+00  1 0                      2+  0                      
                                          1      0.696  1.000E+00  1.000E+00  0.000E+00
  3   1.314564   4.0  1   0.00E+00  1 0                      4+  0                      
                                          2      0.618  1.000E+00  1.000E+00  0.000E+00
  4   1.510620   3.0 -1   0.00E+00  2 0                      3-  0                      
                                          3      0.196  2.334E-02  2.334E-02  0.000E+00
                                          2      0.814  9.767E-01  9.767E-01  0.000E+00
  5   1.560805   2.0  1   0.00E+00  2 0                      2+  0                      
                                          2      0.864  9.136E-01  9.136E-01  0.000E+00
                                          1      1.561  8.644E-02  8.644E-02  0.000E+00
  6   1.791390   6.0  1   0.00E+00  2 0                      6+  0                      
                                          3      0.477  1.000E+00  1.000E+00  0.000E+00
                                          1      1.791  0.000E+00  0.000E+00  0.000E+00
  7   2.072700   2.0  1   0.00E+00  2 0                    (2+)  0                      
                                          2      1.376  6.993E-01  6.993E-01  0.000E+00
                                          1      2.073  3.007E-01  3.007E-01  0.000E+00
  8   2.093150   5.0 -1   0.00E+00  3 0                      5-  0                      
                                          6      0.302  9.056E-02  9.056E-02  0.000E+00
                                          4      0.583  1.554E-01  1.554E-01  0.000E+00
                                          3      0.779  7.541E-01  7.541E-01  0.000E+00
  9   2.109660   2.0  1   0.00E+00  1 0                    (2+)  0                      
                                          2      1.413  1.000E+00  1.000E+00  0.000E+00
 10   2.178460   3.0  1   0.00E+00  3 0                      3+  0                      
                                          4      0.668  8.356E-02  8.356E-02  0.000E+00
                                          3      0.864  5.844E-01  5.844E-01  0.000E+00
                                          2      1.482  3.321E-01  3.321E-01  0.000E+00
 11   2.185660   1.0 -1   0.00E+00  1 0                      1-  0                      
                                          1      2.186  1.000E+00  1.000E+00  0.000E+00
 12   2.204590   4.0  1   0.00E+00  1 0                    (4+)  0                      
                                          3      0.890  1.000E+00  1.000E+00  0.000E+00
 13   2.218120   6.0  1   0.00E+00  1 0                    (6)+  0                      
                                          6      0.427  1.000E+00  1.000E+00  0.000E+00
 14   2.295170   2.0  1   0.00E+00  4 1                (2,3,4)+  0                      
                                          5      0.734  5.410E-02  5.410E-02  0.000E+00
                                          4      0.785  1.136E-01  1.136E-01  0.000E+00
                                          3      0.981  7.194E-01  7.194E-01  0.000E+00
                                          2      1.599  1.130E-01  1.130E-01  0.000E+00
 15   2.321900  -1.0  0   0.00E+00  1 0                          0                      
                                          3      1.007  1.000E+00  1.000E+00  0.000E+00
 16   2.368250   2.0  1   0.00E+00  2 0                    (2)+  0                      
                                          2      1.672  8.056E-01  8.056E-01  0.000E+00
                                          1      2.368  1.944E-01  1.944E-01  0.000E+00
 17   2.399400  -1.0  0   0.00E+00  2 0                          0                      
                                          6      0.608  1.000E+00  1.000E+00  0.000E+00
                                          1      2.399  0.000E+00  0.000E+00  0.000E+00
 18   2.419980  -1.0  1   0.00E+00  3 0                       +  0                      
                                         13      0.202  5.717E-01  5.717E-01  0.000E+00
                                          9      0.310  2.767E-01  2.767E-01  0.000E+00
                                          6      0.629  1.517E-01  1.517E-01  0.000E+00
 19   2.451490   4.0  1   0.00E+00  2 0                      4+  0                      
                                          3      1.137  7.296E-01  7.296E-01  0.000E+00
                                          2      1.755  2.704E-01  2.704E-01  0.000E+00
 20   2.508220  -1.0  0   0.00E+00  1 0                          0                      
                                          5      0.947  1.000E+00  1.000E+00  0.000E+00
 21   2.527110   2.0  1   0.00E+00  2 0                      2+  0                      
                                          5      0.966  2.294E-01  2.294E-01  0.000E+00
                                          1      2.527  7.706E-01  7.706E-01  0.000E+00
 22   2.564020   0.0  0   0.00E+00  3 0                  (LE 4)  0                      
                                          9      0.454  5.262E-01  5.262E-01  0.000E+00
                                          5      1.003  3.035E-01  3.035E-01  0.000E+00
                                          4      1.053  1.703E-01  1.703E-01  0.000E+00
 23   2.581500   3.0  1   0.00E+00  2 0                    (3+)  0                      
                                          2      1.885  1.000E+00  1.000E+00  0.000E+00
                                          1      2.582  0.000E+00  0.000E+00  0.000E+00
 24   2.592250   2.0  1   0.00E+00  1 0                      2+  0                      
                                          2      1.896  1.000E+00  1.000E+00  0.000E+00
 25   2.601420   4.0  0   0.00E+00  1 0                       4  0                      
                                          3      1.287  1.000E+00  1.000E+00  0.000E+00
 26   2.605530   3.0 -1   0.00E+00  2 0                      3-  0                      
                                          4      1.095  4.091E-01  4.091E-01  0.000E+00
                                          2      1.909  5.909E-01  5.909E-01  0.000E+00
 27   2.613900  -1.0  0   0.00E+00  2 0                          0                      
                                          2      1.917  1.000E+00  1.000E+00  0.000E+00
                                          1      2.614  0.000E+00  0.000E+00  0.000E+00
 28   2.654890   3.0  1   0.00E+00  1 0                      3+  0                      
                                          3      1.340  1.000E+00  1.000E+00  0.000E+00
 29   2.681400  -1.0  0   0.00E+00  2 0                          0                      
                                          4      1.171  1.000E+00  1.000E+00  0.000E+00
                                          1      2.681  0.000E+00  0.000E+00  0.000E+00
 30   2.692600   1.0  0   0.00E+00  2 1                   (1,2)  0                      
                                          3      1.378  1.000E+00  1.000E+00  0.000E+00
                                          1      2.693  0.000E+00  0.000E+00  0.000E+00
 31   2.715390  -1.0  0   0.00E+00  2 0                          0                      
                                          6      0.924  3.466E-01  3.466E-01  0.000E+00
                                          3      1.401  6.534E-01  6.534E-01  0.000E+00
 32   2.719000  -1.0  0   0.00E+00  1 0                          0                      
                                          2      2.022  1.000E+00  1.000E+00  0.000E+00
 33   2.732640  -1.0  0   0.00E+00  3 0                          0                      
                                          5      1.172  1.434E-01  1.434E-01  0.000E+00
                                          3      1.418  7.131E-01  7.131E-01  0.000E+00
                                          2      2.036  1.434E-01  1.434E-01  0.000E+00
 34   2.775090  -1.0  0   0.00E+00  1 0                          0                      
                                          8      0.682  1.000E+00  1.000E+00  0.000E+00
 35   2.778850  -1.0  0   0.00E+00  1 0                          0                      
                                          2      2.082  1.000E+00  1.000E+00  0.000E+00
 36   2.803600  -1.0  0   0.00E+00  2 0                          0                      
                                          3      1.489  3.963E-01  3.963E-01  0.000E+00
                                          1      2.804  6.037E-01  6.037E-01  0.000E+00
 37   2.808340  -1.0  0   0.00E+00  2 0                          0                      
                                          6      1.017  6.429E-01  6.429E-01  0.000E+00
                                          3      1.494  3.571E-01  3.571E-01  0.000E+00
 38   2.828810   2.0  1   0.00E+00  2 0                    (2+)  0                      
                                          5      1.268  4.748E-01  4.748E-01  0.000E+00
                                          2      2.132  5.252E-01  5.252E-01  0.000E+00
 39   2.834420  -1.0  0   0.00E+00  2 0                          0                      
                                         14      0.539  6.082E-01  6.082E-01  0.000E+00
                                          4      1.324  3.918E-01  3.918E-01  0.000E+00
 40   2.839300   1.0  0   0.00E+00  1 1                   (1,2)  0                      
                                          2      2.143  1.000E+00  1.000E+00  0.000E+00
 41   2.867670  -1.0  0   0.00E+00  1 0                          0                      
                                          4      1.357  1.000E+00  1.000E+00  0.000E+00
 42   2.887220  -1.0  0   0.00E+00  1 0                          0                      
                                          3      1.573  1.000E+00  1.000E+00  0.000E+00
 43   2.900600   2.0  1   0.00E+00  5 1                 (2+,3+)  0                      
                                         10      0.722  1.809E-01  1.809E-01  0.000E+00
                                          5      1.340  1.862E-01  1.862E-01  0.000E+00
                                          4      1.390  3.316E-01  3.316E-01  0.000E+00
                                          3      1.586  7.270E-02  7.270E-02  0.000E+00
                                          2      2.204  2.287E-01  2.287E-01  0.000E+00
 44   2.945810  -1.0  0   0.00E+00  1 0                          0                      
                                         13      0.728  1.000E+00  1.000E+00  0.000E+00
 45   2.951900   2.0  1   0.00E+00  1 1                 (2+,5+)  0                      
                                          1      2.952  0.000E+00  0.000E+00  0.000E+00
 46   2.964100   2.0  1   0.00E+00  1 1                 (2+,5+)  0                      
                                          1      2.964  0.000E+00  0.000E+00  0.000E+00
 47   2.967800  -1.0  0   0.00E+00  2 0                          0                      
                                          3      1.653  1.000E+00  1.000E+00  0.000E+00
                                          1      2.968  0.000E+00  0.000E+00  0.000E+00
 48   2.980700   1.0  0   0.00E+00  1 1                   (1,2)  0                      
                                          1      2.981  0.000E+00  0.000E+00  0.000E+00
 49   2.986290  -1.0  0   0.00E+00  2 0                          0                      
                                          3      1.672  1.000E+00  1.000E+00  0.000E+00
                                          1      2.986  0.000E+00  0.000E+00  0.000E+00
 50   2.999610  -1.0  0   0.00E+00  1 0                          0                      
                                          4      1.489  1.000E+00  1.000E+00  0.000E+00
 51   3.019100   2.0  1   0.00E+00  1 1                 (2+,5+)  0                      
                                          1      3.019  0.000E+00  0.000E+00  0.000E+00
 52   3.026470   4.0  1   0.00E+00  4 0                    (4+)  0                      
                                         19      0.575  2.180E-01  2.180E-01  0.000E+00
                                          9      0.917  7.065E-02  7.065E-02  0.000E+00
                                          4      1.516  5.542E-01  5.542E-01  0.000E+00
                                          3      1.712  1.571E-01  1.571E-01  0.000E+00
 53   3.031100  -1.0  0   0.00E+00  2 0                          0                      
                                         13      0.813  1.000E+00  1.000E+00  0.000E+00
                                          1      3.031  0.000E+00  0.000E+00  0.000E+00
 54   3.042480   3.0  0   0.00E+00  1 1                   (3,4)  0                      
                                          2      2.346  1.000E+00  1.000E+00  0.000E+00
 55   3.053100  -1.0  0   0.00E+00  2 0                          0                      
                                         13      0.835  1.000E+00  1.000E+00  0.000E+00
                                          1      3.053  0.000E+00  0.000E+00  0.000E+00
 56   3.064300  -1.0  0   0.00E+00  1 0                          0                      
                                          3      1.750  1.000E+00  1.000E+00  0.000E+00
 57   3.070300   0.0  0   0.00E+00  1 0                  (LE 4)  0                      
                                          2      2.374  1.000E+00  1.000E+00  0.000E+00
 58   3.084700  -1.0  0   0.00E+00  2 0                          0                      
                                         10      0.906  1.000E+00  1.000E+00  0.000E+00
                                          1      3.085  0.000E+00  0.000E+00  0.000E+00
 59   3.101500   2.0  0   0.00E+00  1 1                 (2,3,4)  0                      
                                          1      3.102  0.000E+00  0.000E+00  0.000E+00
 60   3.126370   2.0  0   0.00E+00  2 1                 (2,3,4)  0                      
                                          3      1.812  1.995E-01  1.995E-01  0.000E+00
                                          2      2.430  8.005E-01  8.005E-01  0.000E+00
 61   3.134000  -1.0  0   0.00E+00  2 0                          0                      
                                          8      1.041  1.000E+00  1.000E+00  0.000E+00
                                          1      3.134  0.000E+00  0.000E+00  0.000E+00
 62   3.146430  -1.0  0   0.00E+00  2 0                          0                      
                                          4      1.636  3.579E-01  3.579E-01  0.000E+00
                                          3      1.832  6.421E-01  6.421E-01  0.000E+00
 63   3.161500   2.0  1   0.00E+00  1 1                 (2+,5+)  0                      
                                          1      3.162  0.000E+00  0.000E+00  0.000E+00
 64   3.201590  -1.0  0   0.00E+00  2 0                          0                      
                                         10      1.023  3.077E-01  3.077E-01  0.000E+00
                                          2      2.505  6.923E-01  6.923E-01  0.000E+00
 65   3.221780  -1.0  0   0.00E+00  1 0                          0                      
                                          5      1.661  1.000E+00  1.000E+00  0.000E+00
 66   3.251520  -1.0  0   0.00E+00  1 0                          0                      
                                          5      1.691  1.000E+00  1.000E+00  0.000E+00
 67   3.254190  -1.0  0   0.00E+00  3 0                          0                      
                                          4      1.744  2.645E-01  2.645E-01  0.000E+00
                                          3      1.940  2.141E-01  2.141E-01  0.000E+00
                                          2      2.558  5.214E-01  5.214E-01  0.000E+00
 68   3.273200  -1.0  0   0.00E+00  1 0                          0                      
                                          3      1.959  1.000E+00  1.000E+00  0.000E+00
 69   3.281880  -1.0  0   0.00E+00  1 0                          0                      
                                          3      1.967  1.000E+00  1.000E+00  0.000E+00
 70   3.286400  -1.0  0   0.00E+00  2 0                          0                      
                                          4      1.776  1.000E+00  1.000E+00  0.000E+00
                                          1      3.286  0.000E+00  0.000E+00  0.000E+00
 71   3.341600  -1.0  0   0.00E+00  2 0                          0                      
                                          3      2.027  1.000E+00  1.000E+00  0.000E+00
                                          1      3.342  0.000E+00  0.000E+00  0.000E+00
 72   3.351530  -1.0  0   0.00E+00  1 0                          0                      
                                          2      2.655  1.000E+00  1.000E+00  0.000E+00
 73   3.378000  -1.0  0   0.00E+00  2 0                          0                      
                                          8      1.285  2.511E-01  2.511E-01  0.000E+00
                                          4      1.867  7.489E-01  7.489E-01  0.000E+00
 74   3.381470   0.0  0   0.00E+00  1 0                  (LE 4)  0                      
                                          5      1.821  1.000E+00  1.000E+00  0.000E+00
 75   3.409550  -1.0  0   0.00E+00  3 0                          0                      
                                          9      1.300  4.315E-01  4.315E-01  0.000E+00
                                          3      2.095  2.352E-01  2.352E-01  0.000E+00
                                          2      2.713  3.333E-01  3.333E-01  0.000E+00
 76   3.460970  -1.0  0   0.00E+00  2 0                          0                      
                                          8      1.368  3.130E-01  3.130E-01  0.000E+00
                                          4      1.950  6.870E-01  6.870E-01  0.000E+00
 77   3.486000  -1.0  0   0.00E+00  1 0                          0                      
                                          3      2.171  1.000E+00  1.000E+00  0.000E+00
 78   3.494300  -1.0  0   0.00E+00  2 0                          0                      
                                          4      1.984  1.000E+00  1.000E+00  0.000E+00
                                          1      3.494  0.000E+00  0.000E+00  0.000E+00
 79   3.560300  -1.0  0   0.00E+00  1 0                          0                      
                                          4      2.050  1.000E+00  1.000E+00  0.000E+00
 80   3.576800  -1.0  0   0.00E+00  1 0                          0                      
                                          3      2.262  1.000E+00  1.000E+00  0.000E+00
 81   3.660340  -1.0  0   0.00E+00  2 0                          0                      
                                         10      1.482  1.000E+00  1.000E+00  0.000E+00
                                          1      3.660  0.000E+00  0.000E+00  0.000E+00
 82   3.737300  -1.0  0   0.00E+00  2 0                          0                      
                                         25      1.136  1.000E+00  1.000E+00  0.000E+00
                                          1      3.737  0.000E+00  0.000E+00  0.000E+00
 83   3.781900  -1.0  0   0.00E+00  2 0                          0                      
                                          4      2.271  1.000E+00  1.000E+00  0.000E+00
                                          1      3.782  0.000E+00  0.000E+00  0.000E+00
 84   7.816940   3.0 -1   0.00E+00  4 0                      3-  0                      
                                         12      5.612  0.000E+00  0.000E+00  0.000E+00
                                          5      6.256  3.205E-01  3.205E-01  0.000E+00
                                          4      6.306  0.000E+00  0.000E+00  0.000E+00
                                          3      6.502  6.795E-01  6.795E-01  0.000E+00
