149Nd  149   60   25   86   24    3    5.038787    9.129053
  1   0.000000   2.5 -1  -1.00E+00  0 0                    5/2-  0                      
  2   0.108520   3.5 -1   0.00E+00  1 0                    7/2-  0                      
                                          1      0.109  1.000E+00  1.000E+00  0.000E+00
  3   0.138446   2.5 -1   0.00E+00  1 0                    5/2-  0                      
                                          1      0.138  1.000E+00  1.000E+00  0.000E+00
  4   0.165087   0.5 -1   0.00E+00  1 1               1/2-,3/2-  0                      
                                          1      0.165  1.000E+00  1.000E+00  0.000E+00
  5   0.220705   4.5 -1   0.00E+00  2 0                    9/2-  0                      
                                          2      0.112  8.148E-01  8.148E-01  0.000E+00
                                          1      0.221  1.852E-01  1.852E-01  0.000E+00
  6   0.258331   1.5 -1   0.00E+00  4 0                    3/2-  0                      
                                          4      0.093  5.034E-02  5.034E-02  0.000E+00
                                          3      0.120  8.532E-02  8.532E-02  0.000E+00
                                          2      0.150  1.109E-02  1.109E-02  0.000E+00
                                          1      0.258  8.532E-01  8.532E-01  0.000E+00
  7   0.270858   3.5 -1   0.00E+00  1 1             (7/2-,9/2+)  0                      
                                          2      0.162  1.000E+00  1.000E+00  0.000E+00
  8   0.285482   0.5 -1   0.00E+00  3 0                    1/2-  0                      
                                          4      0.120  8.783E-01  8.783E-01  0.000E+00
                                          3      0.147  3.660E-02  3.660E-02  0.000E+00
                                          1      0.285  8.509E-02  8.509E-02  0.000E+00
  9   0.316230   2.5 -1   0.00E+00  4 1             (5/2-,7/2-)  0                      
                                          4      0.151  3.361E-02  3.361E-02  0.000E+00
                                          3      0.178  5.602E-02  5.602E-02  0.000E+00
                                          2      0.208  4.552E-01  4.552E-01  0.000E+00
                                          1      0.316  4.552E-01  4.552E-01  0.000E+00
 10   0.321142   2.5 -1   0.00E+00  4 1             (5/2-,7/2-)  0                      
                                          4      0.156  2.808E-01  2.808E-01  0.000E+00
                                          3      0.183  2.496E-01  2.496E-01  0.000E+00
                                          2      0.213  1.420E-01  1.420E-01  0.000E+00
                                          1      0.321  3.276E-01  3.276E-01  0.000E+00
 11   0.332932   2.5  1   0.00E+00  3 0                    5/2+  0                      
                                          3      0.194  1.466E-02  1.466E-02  0.000E+00
                                          2      0.224  5.941E-02  5.941E-02  0.000E+00
                                          1      0.333  9.259E-01  9.259E-01  0.000E+00
 12   0.365931   1.5 -1   0.00E+00  6 0                    3/2-  0                      
                                         11      0.033  1.854E-01  1.854E-01  0.000E+00
                                          8      0.080  1.622E-01  1.622E-01  0.000E+00
                                          4      0.201  9.849E-02  9.849E-02  0.000E+00
                                          3      0.227  4.983E-01  4.983E-01  0.000E+00
                                          2      0.257  5.562E-02  5.562E-02  0.000E+00
                                          1      0.366  0.000E+00  0.000E+00  0.000E+00
 13   0.403729   0.5 -1   0.00E+00  5 0                    1/2-  0                      
                                          8      0.118  2.832E-02  2.832E-02  0.000E+00
                                          6      0.145  9.240E-02  9.240E-02  0.000E+00
                                          4      0.239  5.067E-01  5.067E-01  0.000E+00
                                          3      0.265  2.086E-01  2.086E-01  0.000E+00
                                          1      0.404  1.639E-01  1.639E-01  0.000E+00
 14   0.459529   1.5 -1   0.00E+00  6 1             (3/2-,5/2-)  0                      
                                          9      0.143  2.089E-01  2.089E-01  0.000E+00
                                          8      0.174  3.767E-02  3.767E-02  0.000E+00
                                          4      0.294  1.918E-01  1.918E-01  0.000E+00
                                          3      0.321  1.712E-02  1.712E-02  0.000E+00
                                          2      0.351  2.021E-01  2.021E-01  0.000E+00
                                          1      0.460  3.425E-01  3.425E-01  0.000E+00
 15   0.482673   0.5  1   0.00E+00  5 0                    1/2+  0                      
                                         13      0.079  5.775E-02  5.775E-02  0.000E+00
                                         12      0.117  3.495E-01  3.495E-01  0.000E+00
                                          8      0.197  3.799E-01  3.799E-01  0.000E+00
                                          6      0.224  1.520E-01  1.520E-01  0.000E+00
                                          4      0.318  6.079E-02  6.079E-02  0.000E+00
 16   0.517440   1.5  0   0.00E+00  2 1           (3/2,5/2,7/2)  0                      
                                          2      0.409  1.143E-01  1.143E-01  0.000E+00
                                          1      0.517  8.857E-01  8.857E-01  0.000E+00
 17   0.548654   1.5 -1   0.00E+00  5 0                    3/2-  0                      
                                         11      0.216  1.460E-01  1.460E-01  0.000E+00
                                         10      0.228  3.212E-01  3.212E-01  0.000E+00
                                          4      0.384  2.336E-01  2.336E-01  0.000E+00
                                          3      0.410  2.482E-01  2.482E-01  0.000E+00
                                          1      0.549  5.109E-02  5.109E-02  0.000E+00
 18   0.571405   1.5  1   0.00E+00  5 0                    3/2+  0                      
                                         15      0.089  1.125E-02  1.125E-02  0.000E+00
                                         11      0.238  6.751E-02  6.751E-02  0.000E+00
                                          6      0.313  9.142E-02  9.142E-02  0.000E+00
                                          4      0.406  5.204E-01  5.204E-01  0.000E+00
                                          3      0.433  3.094E-01  3.094E-01  0.000E+00
 19   0.705128   1.5  0   0.00E+00  3 1               (3/2,5/2)  0                      
                                         14      0.246  3.333E-01  3.333E-01  0.000E+00
                                          9      0.389  4.028E-01  4.028E-01  0.000E+00
                                          3      0.567  2.639E-01  2.639E-01  0.000E+00
 20   0.709051   1.5  0   0.00E+00  6 1              (3/2,5/2-)  0                      
                                         14      0.250  3.474E-02  3.474E-02  0.000E+00
                                         13      0.305  1.141E-01  1.141E-01  0.000E+00
                                         11      0.376  9.181E-02  9.181E-02  0.000E+00
                                         10      0.388  1.141E-01  1.141E-01  0.000E+00
                                          6      0.451  2.978E-01  2.978E-01  0.000E+00
                                          3      0.571  3.474E-01  3.474E-01  0.000E+00
 21   0.741060   1.5  1   0.00E+00  2 0                    3/2+  0                      
                                          8      0.456  1.765E-01  1.765E-01  0.000E+00
                                          4      0.576  8.235E-01  8.235E-01  0.000E+00
 22   0.814400   0.5  1   0.00E+00  4 0                    1/2+  0                      
                                         14      0.355  8.486E-02  8.486E-02  0.000E+00
                                          8      0.529  2.995E-01  2.995E-01  0.000E+00
                                          4      0.649  4.992E-02  4.992E-02  0.000E+00
                                          3      0.676  5.657E-01  5.657E-01  0.000E+00
 23   0.881170   1.5  1   0.00E+00  1 0                    3/2+  0                      
                                          6      0.623  1.000E+00  1.000E+00  0.000E+00
 24   0.913570   0.5  0   0.00E+00  1 1               (1/2,3/2)  0                      
                                         15      0.431  1.000E+00  1.000E+00  0.000E+00
 25   5.038820   0.5  1   0.00E+00 11 0                    1/2+  0                      
                                         24      4.125  2.899E-02  2.899E-02  0.000E+00
                                         22      4.224  3.422E-02  3.422E-02  0.000E+00
                                         21      4.298  1.283E-02  1.283E-02  0.000E+00
                                         20      4.330  7.129E-02  7.129E-02  0.000E+00
                                         18      4.467  1.806E-02  1.806E-02  0.000E+00
                                         15      4.556  1.616E-02  1.616E-02  0.000E+00
                                         13      4.635  2.424E-02  2.424E-02  0.000E+00
                                         12      4.673  6.179E-01  6.179E-01  0.000E+00
                                          8      4.753  1.236E-01  1.236E-01  0.000E+00
                                          6      4.780  1.236E-02  1.236E-02  0.000E+00
                                          4      4.874  4.040E-02  4.040E-02  0.000E+00
