148Sm  148   62   68   83   67    4    8.141337    7.583054
  1   0.000000   0.0  1  -1.00E+00  0 0                      0+  0                      
  2   0.550110   2.0  1   0.00E+00  1 0                      2+  0                      
                                          1      0.550  1.000E+00  1.000E+00  0.000E+00
  3   1.160800   3.0 -1   6.00E-13  1 0                      3-  0                      
                                          2      0.611  1.000E+00  1.000E+00  0.000E+00
  4   1.180290   4.0  1   0.00E+00  1 0                      4+  0                      
                                          2      0.630  1.000E+00  1.000E+00  0.000E+00
  5   1.434100  -1.0  0   0.00E+00  2 0                          0                      
                                          2      0.884  1.000E+00  1.000E+00  0.000E+00
                                          1      1.434  0.000E+00  0.000E+00  0.000E+00
  6   1.455800   2.0  1   0.00E+00  2 0                      2+  0                      
                                          2      0.906  5.526E-01  5.526E-01  0.000E+00
                                          1      1.456  4.474E-01  4.474E-01  0.000E+00
  7   1.465000   1.0 -1   0.00E+00  1 0                      1-  0                      
                                          1      1.465  1.000E+00  1.000E+00  0.000E+00
  8   1.593600   5.0 -1   0.00E+00  3 0                      5-  0                      
                                          4      0.413  7.667E-01  7.667E-01  0.000E+00
                                          3      0.433  2.333E-01  2.333E-01  0.000E+00
                                          1      1.594  0.000E+00  0.000E+00  0.000E+00
  9   1.659400   2.0  0   0.00E+00  2 1                (2,3,4+)  0                      
                                          2      1.109  1.000E+00  1.000E+00  0.000E+00
                                          1      1.659  0.000E+00  0.000E+00  0.000E+00
 10   1.717800  -1.0  0   0.00E+00  1 0                          0                      
                                          1      1.718  0.000E+00  0.000E+00  0.000E+00
 11   1.733200   4.0  1   0.00E+00  3 0                      4+  0                      
                                          3      0.572  6.438E-01  6.438E-01  0.000E+00
                                          2      1.183  3.562E-01  3.562E-01  0.000E+00
                                          1      1.733  0.000E+00  0.000E+00  0.000E+00
 12   1.894000   4.0  1   0.00E+00  2 0                      4+  0                      
                                          2      1.344  1.000E+00  1.000E+00  0.000E+00
                                          1      1.894  0.000E+00  0.000E+00  0.000E+00
 13   2.031800   4.0 -1   0.00E+00  1 0                      4-  0                      
                                          1      2.032  0.000E+00  0.000E+00  0.000E+00
 14   2.110800   4.0  1   0.00E+00  1 0                      4+  0                      
                                          1      2.111  0.000E+00  0.000E+00  0.000E+00
 15   2.146800   2.0  1   0.00E+00  1 0                      2+  0                      
                                          1      2.147  0.000E+00  0.000E+00  0.000E+00
 16   2.215800   5.0  1   0.00E+00  1 0                      5+  0                      
                                          1      2.216  0.000E+00  0.000E+00  0.000E+00
 17   2.227800   4.0  1   0.00E+00  1 0                      4+  0                      
                                          1      2.228  0.000E+00  0.000E+00  0.000E+00
 18   2.326800   4.0  1   0.00E+00  1 0                      4+  0                      
                                          1      2.327  0.000E+00  0.000E+00  0.000E+00
 19   2.397800  -1.0  0   0.00E+00  1 0                          0                      
                                          1      2.398  0.000E+00  0.000E+00  0.000E+00
 20   2.440800  -1.0  0   0.00E+00  1 0                          0                      
                                          1      2.441  0.000E+00  0.000E+00  0.000E+00
 21   2.524900   4.0  1   0.00E+00  1 0                      4+  0                      
                                          1      2.525  0.000E+00  0.000E+00  0.000E+00
 22   2.541800  -1.0  0   0.00E+00  1 0                          0                      
                                          1      2.542  0.000E+00  0.000E+00  0.000E+00
 23   2.631800  -1.0  0   0.00E+00  1 0                          0                      
                                          1      2.632  0.000E+00  0.000E+00  0.000E+00
 24   2.640800   5.0  1   0.00E+00  1 0                      5+  0                      
                                          1      2.641  0.000E+00  0.000E+00  0.000E+00
 25   2.681800  -1.0  0   0.00E+00  1 0                          0                      
                                          1      2.682  0.000E+00  0.000E+00  0.000E+00
 26   2.692800  -1.0  0   0.00E+00  1 0                          0                      
                                          1      2.693  0.000E+00  0.000E+00  0.000E+00
 27   2.711800  -1.0  0   0.00E+00  1 0                          0                      
                                          1      2.712  0.000E+00  0.000E+00  0.000E+00
 28   2.722800   4.0  1   0.00E+00  1 0                      4+  0                      
                                          1      2.723  0.000E+00  0.000E+00  0.000E+00
 29   2.753800   3.0  1   0.00E+00  1 0                      3+  0                      
                                          1      2.754  0.000E+00  0.000E+00  0.000E+00
 30   2.812800  -1.0  0   0.00E+00  1 0                          0                      
                                          1      2.813  0.000E+00  0.000E+00  0.000E+00
 31   2.861100   4.0 -1   0.00E+00  1 1                   4-,5-  0                      
                                          1      2.861  0.000E+00  0.000E+00  0.000E+00
 32   2.890800  -1.0  0   0.00E+00  1 0                          0                      
                                          1      2.891  0.000E+00  0.000E+00  0.000E+00
 33   2.917800  -1.0  0   0.00E+00  1 0                          0                      
                                          1      2.918  0.000E+00  0.000E+00  0.000E+00
 34   2.965800   3.0  1   0.00E+00  1 1                   3+,4+  0                      
                                          1      2.966  0.000E+00  0.000E+00  0.000E+00
 35   2.991800   3.0  1   0.00E+00  1 1                   3+,4+  0                      
                                          1      2.992  0.000E+00  0.000E+00  0.000E+00
 36   3.049100  -1.0  0   0.00E+00  1 0                          0                      
                                          1      3.049  0.000E+00  0.000E+00  0.000E+00
 37   3.063200   3.0 -1   0.00E+00  1 0                      3-  0                      
                                          1      3.063  0.000E+00  0.000E+00  0.000E+00
 38   3.088800   2.0  1   0.00E+00  1 1                   2+,3-  0                      
                                          1      3.089  0.000E+00  0.000E+00  0.000E+00
 39   3.106800   3.0  1   0.00E+00  1 1                   3+,4+  0                      
                                          1      3.107  0.000E+00  0.000E+00  0.000E+00
 40   3.137600   3.0 -1   0.00E+00  1 1               3(-),4(-)  0                      
                                          1      3.138  0.000E+00  0.000E+00  0.000E+00
 41   3.163800   3.0  1   0.00E+00  1 1                   3+,4+  0                      
                                          1      3.164  0.000E+00  0.000E+00  0.000E+00
 42   3.235800  -1.0  0   0.00E+00  1 0                          0                      
                                          1      3.236  0.000E+00  0.000E+00  0.000E+00
 43   3.261800  -1.0  0   0.00E+00  1 0                          0                      
                                          1      3.262  0.000E+00  0.000E+00  0.000E+00
 44   3.286800  -1.0  0   0.00E+00  1 0                          0                      
                                          1      3.287  0.000E+00  0.000E+00  0.000E+00
 45   3.308800  -1.0  0   0.00E+00  1 0                          0                      
                                          1      3.309  0.000E+00  0.000E+00  0.000E+00
 46   3.337800  -1.0  0   0.00E+00  1 0                          0                      
                                          1      3.338  0.000E+00  0.000E+00  0.000E+00
 47   3.375800  -1.0  0   0.00E+00  1 0                          0                      
                                          1      3.376  0.000E+00  0.000E+00  0.000E+00
 48   3.387800   3.0 -1   0.00E+00  1 1                   3-,4-  0                      
                                          1      3.388  0.000E+00  0.000E+00  0.000E+00
 49   3.403800  -1.0  0   0.00E+00  1 0                          0                      
                                          1      3.404  0.000E+00  0.000E+00  0.000E+00
 50   3.413800  -1.0  0   0.00E+00  1 0                          0                      
                                          1      3.414  0.000E+00  0.000E+00  0.000E+00
 51   3.437800  -1.0  0   0.00E+00  1 0                          0                      
                                          1      3.438  0.000E+00  0.000E+00  0.000E+00
 52   3.466100  -1.0  0   0.00E+00  1 0                          0                      
                                          1      3.466  0.000E+00  0.000E+00  0.000E+00
 53   3.479800  -1.0  0   0.00E+00  1 0                          0                      
                                          1      3.480  0.000E+00  0.000E+00  0.000E+00
 54   3.508200  -1.0  0   0.00E+00  1 0                          0                      
                                          1      3.508  0.000E+00  0.000E+00  0.000E+00
 55   3.519600  -1.0  0   0.00E+00  1 0                          0                      
                                          1      3.519  0.000E+00  0.000E+00  0.000E+00
 56   3.562800  -1.0  0   0.00E+00  1 0                          0                      
                                          1      3.563  0.000E+00  0.000E+00  0.000E+00
 57   3.598800   3.0 -1   0.00E+00  1 1                 (3-,4-)  0                      
                                          1      3.599  0.000E+00  0.000E+00  0.000E+00
 58   3.613800  -1.0  0   0.00E+00  1 0                          0                      
                                          1      3.614  0.000E+00  0.000E+00  0.000E+00
 59   3.635800  -1.0  0   0.00E+00  1 0                          0                      
                                          1      3.636  0.000E+00  0.000E+00  0.000E+00
 60   3.701900   3.0 -1   0.00E+00  1 1                 (3-,4-)  0                      
                                          1      3.702  0.000E+00  0.000E+00  0.000E+00
 61   3.766800  -1.0  0   0.00E+00  1 0                          0                      
                                          1      3.767  0.000E+00  0.000E+00  0.000E+00
 62   3.831800  -1.0  0   0.00E+00  1 0                          0                      
                                          1      3.832  0.000E+00  0.000E+00  0.000E+00
 63   3.844800  -1.0  0   0.00E+00  1 0                          0                      
                                          1      3.845  0.000E+00  0.000E+00  0.000E+00
 64   3.865800   3.0 -1   0.00E+00  1 1                   3-,4-  0                      
                                          1      3.866  0.000E+00  0.000E+00  0.000E+00
 65   3.920800   3.0 -1   0.00E+00  1 1                   3-,4-  0                      
                                          1      3.921  0.000E+00  0.000E+00  0.000E+00
 66   3.971800   3.0 -1   0.00E+00  1 1                 (3-,4-)  0                      
                                          1      3.972  0.000E+00  0.000E+00  0.000E+00
 67   4.122800  -1.0  0   0.00E+00  1 0                          0                      
                                          1      4.123  0.000E+00  0.000E+00  0.000E+00
 68   8.141300   3.0 -1   0.00E+00  9 1                   3-,4-  0                      
                                         55      4.622  1.006E-01  1.006E-01  0.000E+00
                                         54      4.633  8.284E-02  8.284E-02  0.000E+00
                                         52      4.675  1.716E-01  1.716E-01  0.000E+00
                                         40      5.004  4.931E-02  4.931E-02  0.000E+00
                                         37      5.078  1.026E-01  1.026E-01  0.000E+00
                                         36      5.092  9.862E-02  9.862E-02  0.000E+00
                                         31      5.280  1.775E-01  1.775E-01  0.000E+00
                                         21      5.616  1.144E-01  1.144E-01  0.000E+00
                                          9      6.482  1.026E-01  1.026E-01  0.000E+00
