155Sm  155   62   83   86   31   11    5.806960    9.213574
  1   0.000000   1.5 -1  -1.00E+00  0 0                    3/2-  0                      
  2   0.016547   2.5  1   0.00E+00  1 0                    5/2+  0                      
                                          1      0.017  1.000E+00  1.000E+00  0.000E+00
  3   0.053034   2.5 -1   0.00E+00  1 0                    5/2-  0                      
                                          1      0.053  1.000E+00  1.000E+00  0.000E+00
  4   0.076301   3.5  1   0.00E+00  1 0                    7/2+  0                      
                                          2      0.060  1.000E+00  1.000E+00  0.000E+00
  5   0.127698   3.5 -1   0.00E+00  3 0                    7/2-  0                      
                                          3      0.075  7.995E-01  7.995E-01  0.000E+00
                                          2      0.111  7.265E-02  7.265E-02  0.000E+00
                                          1      0.128  1.279E-01  1.279E-01  0.000E+00
  6   0.152419   4.5  1   0.00E+00  2 0                    9/2+  0                      
                                          4      0.076  8.708E-01  8.708E-01  0.000E+00
                                          2      0.136  1.292E-01  1.292E-01  0.000E+00
  7   0.220684   4.5 -1   0.00E+00  3 0                    9/2-  0                      
                                          5      0.093  5.473E-01  5.473E-01  0.000E+00
                                          4      0.144  1.376E-01  1.376E-01  0.000E+00
                                          3      0.168  3.151E-01  3.151E-01  0.000E+00
  8   0.426419   2.5 -1   0.00E+00  3 0                    5/2-  0                      
                                          5      0.299  1.174E-02  1.174E-02  0.000E+00
                                          4      0.350  1.952E-01  1.952E-01  0.000E+00
                                          2      0.410  7.930E-01  7.930E-01  0.000E+00
  9   0.500002   3.5 -1   0.00E+00  2 0                    7/2-  0                      
                                          6      0.348  3.394E-01  3.394E-01  0.000E+00
                                          4      0.424  6.606E-01  6.606E-01  0.000E+00
 10   0.617544   1.5  1   0.00E+00  3 0                    3/2+  0                      
                                          3      0.565  1.235E-01  1.235E-01  0.000E+00
                                          2      0.601  6.441E-01  6.441E-01  0.000E+00
                                          1      0.618  2.323E-01  2.323E-01  0.000E+00
 11   0.658388   2.5  1   0.00E+00  5 0                    5/2+  0                      
                                          5      0.531  1.252E-01  1.252E-01  0.000E+00
                                          4      0.582  4.334E-01  4.334E-01  0.000E+00
                                          3      0.605  9.152E-02  9.152E-02  0.000E+00
                                          2      0.642  1.803E-01  1.803E-01  0.000E+00
                                          1      0.658  1.696E-01  1.696E-01  0.000E+00
 12   0.736933   3.5  0   0.00E+00  3 0                   (7/2)  0                      
                                          6      0.585  4.286E-01  4.286E-01  0.000E+00
                                          4      0.661  2.500E-01  2.500E-01  0.000E+00
                                          3      0.684  3.214E-01  3.214E-01  0.000E+00
 13   0.778147   1.5 -1   0.00E+00  5 0                    3/2-  0                      
                                         11      0.120  1.674E-02  1.674E-02  0.000E+00
                                         10      0.161  5.412E-02  5.412E-02  0.000E+00
                                          3      0.725  3.338E-01  3.338E-01  0.000E+00
                                          2      0.762  1.343E-01  1.343E-01  0.000E+00
                                          1      0.778  4.611E-01  4.611E-01  0.000E+00
 14   0.819882   0.5 -1   0.00E+00  1 1               1/2-,3/2-  0                      
                                          1      0.820  1.000E+00  1.000E+00  0.000E+00
 15   0.821307   2.5 -1   0.00E+00  2 0                    5/2-  0                      
                                          4      0.745  3.333E-01  3.333E-01  0.000E+00
                                          2      0.805  6.667E-01  6.667E-01  0.000E+00
 16   0.844115   1.5 -1   0.00E+00  3 0                    3/2-  0                      
                                          3      0.791  5.100E-01  5.100E-01  0.000E+00
                                          2      0.828  3.659E-02  3.659E-02  0.000E+00
                                          1      0.844  4.534E-01  4.534E-01  0.000E+00
 17   0.865850   1.5  1   0.00E+00  2 0                    3/2+  0                      
                                          3      0.813  3.089E-01  3.089E-01  0.000E+00
                                          1      0.866  6.911E-01  6.911E-01  0.000E+00
 18   0.882183   2.5  1   0.00E+00  3 0                    5/2+  0                      
                                          5      0.754  3.695E-01  3.695E-01  0.000E+00
                                          3      0.829  2.551E-01  2.551E-01  0.000E+00
                                          1      0.882  3.754E-01  3.754E-01  0.000E+00
 19   0.903468   0.5  1   0.00E+00  2 1               1/2+,3/2+  0                      
                                         10      0.286  6.472E-01  6.472E-01  0.000E+00
                                          2      0.887  3.528E-01  3.528E-01  0.000E+00
 20   0.906838   2.5 -1   0.00E+00  3 0                    5/2-  0                      
                                          5      0.779  4.743E-01  4.743E-01  0.000E+00
                                          3      0.854  4.427E-01  4.427E-01  0.000E+00
                                          1      0.907  8.300E-02  8.300E-02  0.000E+00
 21   0.915527   0.5 -1   0.00E+00  2 1               1/2-,3/2-  0                      
                                         10      0.298  3.023E-02  3.023E-02  0.000E+00
                                          1      0.915  9.698E-01  9.698E-01  0.000E+00
 22   0.930644   1.5 -1   0.00E+00  3 0                    3/2-  0                      
                                         11      0.272  1.342E-02  1.342E-02  0.000E+00
                                          3      0.878  6.376E-01  6.376E-01  0.000E+00
                                          1      0.931  3.490E-01  3.490E-01  0.000E+00
 23   0.962422   2.5 -1   0.00E+00  3 1                5/2-,7/2  0                      
                                         18      0.080  4.155E-01  4.155E-01  0.000E+00
                                          7      0.742  2.648E-01  2.648E-01  0.000E+00
                                          3      0.909  3.196E-01  3.196E-01  0.000E+00
 24   0.968093   0.5  1   0.00E+00  1 1               1/2+,3/2+  0                      
                                          1      0.968  1.000E+00  1.000E+00  0.000E+00
 25   0.984452   2.5 -1   0.00E+00  2 1               5/2-,7/2+  0                      
                                         10      0.367  4.516E-01  4.516E-01  0.000E+00
                                          5      0.857  5.484E-01  5.484E-01  0.000E+00
 26   1.010926   2.5  1   0.00E+00  3 0                    5/2+  0                      
                                          8      0.585  1.714E-01  1.714E-01  0.000E+00
                                          5      0.883  4.143E-01  4.143E-01  0.000E+00
                                          1      1.011  4.143E-01  4.143E-01  0.000E+00
 27   1.106671   1.5  1   0.00E+00  5 0                    3/2+  0                      
                                         21      0.191  2.444E-02  2.444E-02  0.000E+00
                                         17      0.241  3.195E-02  3.195E-02  0.000E+00
                                          3      1.054  2.951E-01  2.951E-01  0.000E+00
                                          2      1.090  5.075E-02  5.075E-02  0.000E+00
                                          1      1.107  5.977E-01  5.977E-01  0.000E+00
 28   1.154433   2.5  1   0.00E+00  2 0                    5/2+  0                      
                                         18      0.272  1.778E-01  1.778E-01  0.000E+00
                                          5      1.027  8.222E-01  8.222E-01  0.000E+00
 29   1.168746   1.5 -1   0.00E+00  3 0                    3/2-  0                      
                                         17      0.303  1.744E-01  1.744E-01  0.000E+00
                                         10      0.551  5.349E-01  5.349E-01  0.000E+00
                                          2      1.152  2.907E-01  2.907E-01  0.000E+00
 30   1.217700   2.5 -1   0.00E+00  0 0                  (5/2-)  0                      
 31   1.282438   0.5  1   0.00E+00  5 1               1/2+,3/2+  0                      
                                         25      0.298  8.247E-02  8.247E-02  0.000E+00
                                         22      0.352  1.924E-01  1.924E-01  0.000E+00
                                         21      0.367  1.924E-01  1.924E-01  0.000E+00
                                         16      0.438  1.718E-01  1.718E-01  0.000E+00
                                         10      0.665  3.608E-01  3.608E-01  0.000E+00
 32   1.327528   2.5  1   0.00E+00  4 0                    5/2+  0                      
                                         16      0.483  4.460E-01  4.460E-01  0.000E+00
                                         11      0.669  7.981E-02  7.981E-02  0.000E+00
                                          9      0.828  1.549E-01  1.549E-01  0.000E+00
                                          1      1.328  3.192E-01  3.192E-01  0.000E+00
 33   1.335800   2.5  0   0.00E+00  0 0                     5/2  0                      
 34   1.362133   1.5  1   0.00E+00  5 0                    3/2+  0                      
                                         29      0.193  5.802E-02  5.802E-02  0.000E+00
                                         26      0.351  7.167E-02  7.167E-02  0.000E+00
                                          8      0.936  1.263E-01  1.263E-01  0.000E+00
                                          3      1.309  2.696E-01  2.696E-01  0.000E+00
                                          2      1.346  4.744E-01  4.744E-01  0.000E+00
 35   1.390600   2.5  0   0.00E+00  0 0                     5/2  0                      
 36   1.403800   2.5  0   0.00E+00  0 0                     5/2  0                      
 37   1.408200   0.5  1   0.00E+00  0 1              1/2+, 3/2+  0                      
 38   1.424700   2.5  0   0.00E+00  0 0                     5/2  0                      
 39   1.474000   0.5 -1   0.00E+00  0 1              1/2-, 3/2-  0                      
 40   1.478000   0.5  1   0.00E+00  0 1              1/2+, 3/2+  0                      
 41   1.481600   0.5  1   0.00E+00  0 1              1/2+, 3/2+  0                      
 42   1.499300   0.5  1   0.00E+00  0 1              1/2+, 3/2+  0                      
 43   1.503100   2.5  0   0.00E+00  0 0                     5/2  0                      
 44   1.524800   0.5 -1   0.00E+00  0 1              1/2-, 3/2-  0                      
 45   1.531900   2.5  1   0.00E+00  0 0                    5/2+  0                      
 46   1.548400   0.5  1   0.00E+00  0 1              1/2+, 3/2+  0                      
 47   1.567000   0.5 -1   0.00E+00  0 1              1/2-, 3/2-  0                      
 48   1.570900   0.5  1   0.00E+00  0 1              1/2+, 3/2+  0                      
 49   1.584600   0.5  1   0.00E+00  0 1              1/2+, 3/2+  0                      
 50   1.600800   0.5  1   0.00E+00  0 1              1/2+, 3/2+  0                      
 51   1.614500   0.5 -1   0.00E+00  0 1              1/2-, 3/2-  0                      
 52   1.618800   0.5 -1   0.00E+00  0 1              1/2-, 3/2-  0                      
 53   1.658700   2.5  1   0.00E+00  0 0                    5/2+  0                      
 54   1.665900   2.5  1   0.00E+00  0 0                  (5/2+)  0                      
 55   1.671200   0.5  1   0.00E+00  0 1              1/2+, 3/2+  0                      
 56   1.678100   2.5  1   0.00E+00  0 0                  (5/2+)  0                      
 57   1.696500   2.5  0   0.00E+00  0 0                     5/2  0                      
 58   1.708200   2.5  0   0.00E+00  0 0                   (5/2)  0                      
 59   1.718200   0.5 -1   0.00E+00  0 1              1/2-, 3/2-  0                      
 60   1.723900   0.5  0   0.00E+00  0 1                1/2, 3/2  0                      
 61   1.733600  -1.0  0   0.00E+00  0 0                          0                      
 62   1.752000   0.5 -1   0.00E+00  0 1              1/2-, 3/2-  0                      
 63   1.774200   0.5  1   0.00E+00  0 1              1/2+, 3/2+  0                      
 64   1.787900   0.5  0   0.00E+00  0 1                1/2, 3/2  0                      
 65   1.804700   0.5 -1   0.00E+00  0 1              1/2-, 3/2-  0                      
 66   1.821400   2.5  1   0.00E+00  0 0                    5/2+  0                      
 67   1.830700   2.5  1   0.00E+00  0 0                    5/2+  0                      
 68   1.833200   0.5 -1   0.00E+00  0 1              1/2-, 3/2-  0                      
 69   1.857200   0.5 -1   0.00E+00  0 1              1/2-, 3/2-  0                      
 70   1.864900   0.5  1   0.00E+00  0 1              1/2+, 3/2+  0                      
 71   1.875700   0.5 -1   0.00E+00  0 1              1/2-, 3/2-  0                      
 72   1.885400   0.5  1   0.00E+00  0 1              1/2+, 3/2+  0                      
 73   1.889500   0.5 -1   0.00E+00  0 1              1/2-, 3/2-  0                      
 74   1.899400   2.5  1   0.00E+00  0 0                    5/2+  0                      
 75   1.904500   0.5  0   0.00E+00  0 1                1/2, 3/2  0                      
 76   1.920100  -1.0  0   0.00E+00  0 0                          0                      
 77   1.925700   0.5 -1   0.00E+00  0 1              1/2-, 3/2-  0                      
 78   1.929100   0.5 -1   0.00E+00  0 1              1/2-, 3/2-  0                      
 79   1.954200   0.5  0   0.00E+00  0 1                1/2, 3/2  0                      
 80   1.965200   0.5  0   0.00E+00  0 1                1/2, 3/2  0                      
 81   1.978800   2.5  1   0.00E+00  0 0                    5/2+  0                      
 82   1.987200   0.5  1   0.00E+00  0 1              1/2+, 3/2+  0                      
 83   5.807080   0.5  1   0.00E+00  0 0                    1/2+  0                      
