154Eu  154   63   86   65   36    2    6.442218    6.467279
  1   0.000000   3.0 -1  -1.00E+00  0 0                      3-  0                      
  2   0.067770   2.0  1   2.40E-06  1 0                      2+  0                      
                                          1      0.068  1.000E+00  1.000E+00  0.000E+00
  3   0.071912   1.0  1   0.00E+00  0 0                      1+  0                      
  4   0.080656   4.0 -1   0.00E+00  0 0                      4-  0                      
  5   0.082820   1.0 -1   2.00E-08  0 0                      1-  0                      
  6   0.099949   3.0  1   2.00E-09  0 0                      3+  0                      
  7   0.101150   4.0  1   5.50E-08  2 0                      4+  0                      
                                          6      0.001  0.000E+00  0.000E+00  0.000E+00
                                          1      0.101  1.000E+00  1.000E+00  0.000E+00
  8   0.122400   2.0 -1   0.00E+00  0 0                      2-  0                      
  9   0.127430   4.0  1   0.00E+00  0 0                      4+  0                      
 10   0.129680   4.0 -1   0.00E+00  0 0                      4-  0                      
 11   0.134781   1.0  1   0.00E+00  0 0                      1+  0                      
 12   0.136697   5.0  1   0.00E+00  0 0                      5+  0                      
 13   0.173602   3.0 -1   0.00E+00  0 0                      3-  0                      
 14   0.175482   5.0 -1   0.00E+00  0 0                      5-  0                      
 15   0.180744   5.0 -1   0.00E+00  0 0                      5-  0                      
 16   0.180809   2.0 -1   0.00E+00  0 0                      2-  0                      
 17   0.185051   2.0  1   0.00E+00  0 0                      2+  0                      
 18   0.196490   4.0  1   0.00E+00  1 1                (4,5,6)+  0                      
                                         12      0.060  1.000E+00  1.000E+00  0.000E+00
 19   0.214075   3.0 -1   0.00E+00  0 0                      3-  0                      
 20   0.230881   4.0 -1   0.00E+00  0 0                      4-  0                      
 21   0.235279   4.0 -1   0.00E+00  0 0                      4-  0                      
 22   0.251740   3.0  1   0.00E+00  1 0                      3+  0                      
                                          3      0.180  1.000E+00  1.000E+00  0.000E+00
 23   0.272450   5.0 -1   1.00E-10  0 0                      5-  0                      
 24   0.281860   3.0  1   2.50E-10  1 0                      3+  0                      
                                          1      0.282  1.000E+00  1.000E+00  0.000E+00
 25   0.282690   1.0  1   6.00E-10  1 1                  (1,2)+  0                      
                                          8      0.160  1.000E+00  1.000E+00  0.000E+00
 26   0.295923   4.0  1   0.00E+00  0 0                      4+  0                      
 27   0.309960   3.0  1   1.00E-10  4 0                      3+  0                      
                                         21      0.075  3.775E-01  3.775E-01  0.000E+00
                                         17      0.125  2.195E-01  2.195E-01  0.000E+00
                                         16      0.129  1.291E-01  1.291E-01  0.000E+00
                                          8      0.187  2.739E-01  2.739E-01  0.000E+00
 28   0.319110   3.0  1   1.00E-10  1 1                  (3,4)+  0                      
                                          1      0.319  1.000E+00  1.000E+00  0.000E+00
 29   0.326873   4.0  1   0.00E+00  0 1                   4+,3+  0                      
 30   0.349780   2.0  1   0.00E+00  1 0                      2+  0                      
                                          5      0.267  1.000E+00  1.000E+00  0.000E+00
 31   0.362730   1.0 -1   0.00E+00  1 0                      1-  0                      
                                          5      0.280  1.000E+00  1.000E+00  0.000E+00
 32   0.364370   3.0  1   0.00E+00  1 1                (3,4,5)+  0                      
                                         24      0.083  1.000E+00  1.000E+00  0.000E+00
 33   0.378727   5.0 -1   0.00E+00  0 0                    (5-)  0                      
 34   0.390400   2.0 -1   0.00E+00  1 0                      2-  0                      
                                          5      0.308  1.000E+00  1.000E+00  0.000E+00
 35   0.390440   4.0  1   0.00E+00  3 0                      4+  0                      
                                         28      0.071  6.902E-01  6.902E-01  0.000E+00
                                          4      0.310  1.764E-01  1.764E-01  0.000E+00
                                          1      0.391  1.334E-01  1.334E-01  0.000E+00
 36   0.402730   0.0  1   0.00E+00  1 1                (0,1,2)+  0                      
                                          3      0.331  1.000E+00  1.000E+00  0.000E+00
 37   0.406810   3.0 -1   0.00E+00  1 0                      3-  0                      
                                          4      0.326  1.000E+00  1.000E+00  0.000E+00
 38   0.410240   1.0 -1   0.00E+00  1 0                      1-  0                      
                                         17      0.225  1.000E+00  1.000E+00  0.000E+00
 39   0.415710   4.0  1   0.00E+00  1 1                  (4,5)+  0                      
                                         26      0.120  1.000E+00  1.000E+00  0.000E+00
 40   0.425680   4.0 -1   0.00E+00  1 0                      4-  0                      
                                         28      0.107  1.000E+00  1.000E+00  0.000E+00
 41   0.429560   3.0 -1   0.00E+00  2 0                      3-  0                      
                                         21      0.195  3.277E-01  3.277E-01  0.000E+00
                                         10      0.300  6.723E-01  6.723E-01  0.000E+00
 42   0.434340   1.0 -1   0.00E+00  1 0                      1-  0                      
                                          2      0.367  1.000E+00  1.000E+00  0.000E+00
 43   0.450690   2.0  1   0.00E+00  2 1                  (2,3)+  0                      
                                         11      0.316  6.667E-01  6.667E-01  0.000E+00
                                          1      0.450  3.333E-01  3.333E-01  0.000E+00
 44   0.467340   4.0 -1   0.00E+00  2 0                      4-  0                      
                                         13      0.294  5.941E-01  5.941E-01  0.000E+00
                                         10      0.338  4.059E-01  4.059E-01  0.000E+00
 45   0.479200   3.0 -1   0.00E+00  1 0                      3-  0                      
                                         19      0.265  1.000E+00  1.000E+00  0.000E+00
 46   0.485130   3.0 -1   0.00E+00  2 1                  (3,4)-  0                      
                                         29      0.158  5.602E-01  5.602E-01  0.000E+00
                                         16      0.304  4.398E-01  4.398E-01  0.000E+00
 47   0.506140   3.0 -1   0.00E+00  1 0                      3-  0                      
                                          5      0.423  1.000E+00  1.000E+00  0.000E+00
 48   0.514700   3.0 -1   0.00E+00  1 0                      3-  0                      
                                          2      0.447  1.000E+00  1.000E+00  0.000E+00
 49   0.521040   3.0  1   0.00E+00  2 0                      3+  0                      
                                         16      0.340  6.875E-01  6.875E-01  0.000E+00
                                          2      0.454  3.125E-01  3.125E-01  0.000E+00
 50   0.532860   4.0 -1   0.00E+00  3 1                 4-,(3-)  0                      
                                         33      0.154  6.854E-01  6.854E-01  0.000E+00
                                         21      0.297  2.181E-01  2.181E-01  0.000E+00
                                         20      0.302  9.657E-02  9.657E-02  0.000E+00
 51   0.546240   2.0 -1   0.00E+00  2 0                      2-  0                      
                                         11      0.412  5.300E-01  5.300E-01  0.000E+00
                                          7      0.445  4.700E-01  4.700E-01  0.000E+00
 52   0.555140   4.0 -1   0.00E+00  3 0                      4-  0                      
                                         13      0.382  2.246E-01  2.246E-01  0.000E+00
                                          9      0.427  3.390E-01  3.390E-01  0.000E+00
                                          8      0.433  4.364E-01  4.364E-01  0.000E+00
 53   0.572420   4.0 -1   0.00E+00  3 0                      4-  0                      
                                         19      0.358  3.725E-01  3.725E-01  0.000E+00
                                         14      0.397  3.676E-01  3.676E-01  0.000E+00
                                          6      0.472  2.598E-01  2.598E-01  0.000E+00
 54   0.583070   3.0 -1   0.00E+00  1 0                      3-  0                      
                                          7      0.482  1.000E+00  1.000E+00  0.000E+00
 55   0.593600   4.0 -1   0.00E+00  1 0                      4-  0                      
                                         14      0.418  1.000E+00  1.000E+00  0.000E+00
 56   0.593630   3.0 -1   0.00E+00  4 0                      3-  0                      
                                         19      0.379  3.988E-01  3.988E-01  0.000E+00
                                          9      0.466  1.472E-01  1.472E-01  0.000E+00
                                          3      0.523  1.902E-01  1.902E-01  0.000E+00
                                          2      0.526  2.638E-01  2.638E-01  0.000E+00
 57   0.599770   2.0 -1   0.00E+00  2 0                      2-  0                      
                                          6      0.500  5.625E-01  5.625E-01  0.000E+00
                                          5      0.517  4.375E-01  4.375E-01  0.000E+00
 58   0.619730  -1.0  0   0.00E+00  0 0                          0                      
 59   0.635900  -1.0  0   0.00E+00  0 0                          0                      
 60   0.663630  -1.0  0   0.00E+00  0 0                          0                      
 61   0.741430  -1.0  0   0.00E+00  0 0                          0                      
 62   0.784300  -1.0  0   0.00E+00  0 0                          0                      
 63   0.796840  -1.0  0   0.00E+00  0 0                          0                      
 64   0.828800  -1.0  0   0.00E+00  0 0                          0                      
 65   0.849500  -1.0  0   0.00E+00  0 0                          0                      
 66   0.857500  -1.0  0   0.00E+00  0 0                          0                      
 67   0.905730  -1.0  0   0.00E+00  0 0                          0                      
 68   0.945370  -1.0  0   0.00E+00  0 0                          0                      
 69   0.960700  -1.0  0   0.00E+00  0 0                          0                      
 70   0.970530  -1.0  0   0.00E+00  0 0                          0                      
 71   1.045700  -1.0  0   0.00E+00  0 0                          0                      
 72   1.068690  -1.0  0   0.00E+00  0 0                          0                      
 73   1.120140  -1.0  0   0.00E+00  0 0                          0                      
 74   1.173250  -1.0  0   0.00E+00  0 0                          0                      
 75   1.211260  -1.0  0   0.00E+00  0 0                          0                      
 76   1.217850  -1.0  0   0.00E+00  0 0                          0                      
 77   1.263800  -1.0  0   0.00E+00  0 0                          0                      
 78   1.290500  -1.0  0   0.00E+00  0 0                          0                      
 79   1.306900  -1.0  0   0.00E+00  0 0                          0                      
 80   1.316200  -1.0  0   0.00E+00  0 0                          0                      
 81   1.330890  -1.0  0   0.00E+00  0 0                          0                      
 82   1.344600  -1.0  0   0.00E+00  0 0                          0                      
 83   1.407700  -1.0  0   0.00E+00  0 0                          0                      
 84   1.423600  -1.0  0   0.00E+00  0 0                          0                      
 85   1.434900  -1.0  0   0.00E+00  0 0                          0                      
 86   6.442200   2.0  1   0.00E+00  8 1                   2+,3+  0                      
                                         80      5.127  1.300E-01  1.300E-01  0.000E+00
                                         79      5.133  9.751E-02  9.751E-02  0.000E+00
                                         79      5.137  1.950E-01  1.950E-01  0.000E+00
                                         78      5.149  1.192E-01  1.192E-01  0.000E+00
                                         76      5.224  1.408E-01  1.408E-01  0.000E+00
                                         70      5.471  7.909E-02  7.909E-02  0.000E+00
                                         53      5.870  1.300E-01  1.300E-01  0.000E+00
                                         50      5.909  1.083E-01  1.083E-01  0.000E+00
