152Eu  152   63  149  148   52    1    6.306720    5.600991
  1   0.000000   3.0 -1  -1.00E+00  0 0                      3-  0                      
  2   0.045599   0.0 -1   3.35E+04  0 0                      0-  0                      
  3   0.065297   1.0 -1   9.40E-07  2 0                      1-  0                      
                                          2      0.020  7.867E-01  7.867E-01  0.000E+00
                                          1      0.065  2.133E-01  2.133E-01  0.000E+00
  4   0.077210   3.0 -1   3.80E-08  1 0                      3-  0                      
                                          1      0.077  1.000E+00  1.000E+00  0.000E+00
  5   0.078234   1.0  1   1.65E-07  0 0                      1+  0                      
  6   0.089920   4.0  1   3.84E-07  2 0                      4+  0                      
                                          4      0.013  0.000E+00  0.000E+00  0.000E+00
                                          1      0.090  1.000E+00  1.000E+00  0.000E+00
  7   0.108115   5.0  1   2.00E-08  1 0                      5+  0                      
                                          6      0.018  0.000E+00  0.000E+00  0.000E+00
  8   0.109089   1.0 -1   0.00E+00  0 0                    (1-)  0                      
  9   0.111447   2.0 -1   0.00E+00  1 0                      2-  0                      
                                          3      0.046  0.000E+00  0.000E+00  0.000E+00
 10   0.113970   3.0  1   0.00E+00  1 0                      3+  0                      
                                          6      0.024  1.000E+00  1.000E+00  0.000E+00
 11   0.118166   2.0 -1   0.00E+00  0 0                      2-  0                      
 12   0.120838   2.0  1   0.00E+00  0 0                      2+  0                      
 13   0.124534   4.0  1   0.00E+00  0 0                      4+  0                      
 14   0.141825   4.0 -1   2.50E-09  0 0                      4-  0                      
 15   0.146085   3.0  1   0.00E+00  0 0                      3+  0                      
 16   0.147810   8.0 -1   5.76E+03  1 0                      8-  0                      
                                          7      0.040  0.000E+00  0.000E+00  0.000E+00
 17   0.148736   4.0  1   0.00E+00  0 0                    (4)+  0                      
 18   0.150630   4.0 -1   0.00E+00  3 0                      4-  0                      
                                          7      0.043  1.995E-02  1.995E-02  0.000E+00
                                          4      0.073  9.193E-01  9.193E-01  0.000E+00
                                          1      0.151  6.071E-02  6.071E-02  0.000E+00
 19   0.158010   1.0  1   1.80E-09  4 0                      1+  0                      
                                         12      0.037  7.407E-02  7.407E-02  0.000E+00
                                          5      0.080  4.444E-01  4.444E-01  0.000E+00
                                          3      0.093  2.222E-01  2.222E-01  0.000E+00
                                          2      0.112  2.593E-01  2.593E-01  0.000E+00
 20   0.160881   3.0  1   2.30E-09  0 1                   3+,4+  0                      
 21   0.163800  -1.0  0   0.00E+00  0 0                          0                      
 22   0.174910   2.0 -1   0.00E+00  0 1                   2-,3-  0                      
 23   0.177686   2.0  1   0.00E+00  0 1                  (2,3)+  0                      
 24   0.178931   3.0  1   0.00E+00  0 1                   3+,4+  0                      
 25   0.180632   5.0 -1   2.10E-09  0 0                      5-  0                      
 26   0.196913   3.0  1   0.00E+00  0 1                   3+,4+  0                      
 27   0.199665   4.0  1   0.00E+00  0 1                   4+,5+  0                      
 28   0.200900   5.0 -1   0.00E+00  1 0                      5-  0                      
                                          6      0.111  1.000E+00  1.000E+00  0.000E+00
 29   0.201080   3.0  1   0.00E+00  1 0                      3+  0                      
                                         10      0.087  1.000E+00  1.000E+00  0.000E+00
 30   0.203020   4.0 -1   0.00E+00  1 0                      4-  0                      
                                         18      0.052  1.000E+00  1.000E+00  0.000E+00
 31   0.214361   2.0 -1   0.00E+00  0 0                      2-  0                      
 32   0.214427   4.0  1   0.00E+00  0 0                      4+  0                      
 33   0.220760   3.0 -1   0.00E+00  1 0                      3-  0                      
                                          4      0.144  1.000E+00  1.000E+00  0.000E+00
 34   0.221209   3.0  1   0.00E+00  0 0                      3+  0                      
 35   0.221454   2.0 -1   0.00E+00  0 0                      2-  0                      
 36   0.224500   3.0 -1   0.00E+00  1 0                      3-  0                      
                                          9      0.113  1.000E+00  1.000E+00  0.000E+00
 37   0.227840   3.0  1   0.00E+00  1 0                      3+  0                      
                                          6      0.138  1.000E+00  1.000E+00  0.000E+00
 38   0.237290   2.0 -1   0.00E+00  1 0                      2-  0                      
                                         15      0.091  1.000E+00  1.000E+00  0.000E+00
 39   0.237489   4.0 -1   0.00E+00  0 0                      4-  0                      
 40   0.246690   3.0 -1   0.00E+00  4 1                   3-,4-  0                      
                                         10      0.133  2.112E-01  2.112E-01  0.000E+00
                                          6      0.157  7.653E-02  7.653E-02  0.000E+00
                                          4      0.169  5.592E-01  5.592E-01  0.000E+00
                                          1      0.246  1.531E-01  1.531E-01  0.000E+00
 41   0.248503   1.0 -1   0.00E+00  0 1                   1-,2-  0                      
 42   0.249230   1.0  1   0.00E+00  1 0                    1(+)  0                      
                                          2      0.204  1.000E+00  1.000E+00  0.000E+00
 43   0.253690   3.0  1   0.00E+00  1 0                      3+  0                      
                                          6      0.164  1.000E+00  1.000E+00  0.000E+00
 44   0.256910   3.0  1   0.00E+00  1 1                   3+,4+  0                      
                                          7      0.149  1.000E+00  1.000E+00  0.000E+00
 45   0.258782   4.0  1   0.00E+00  0 1                   4+,5+  0                      
 46   0.265720   3.0 -1   0.00E+00  0 0                      3-  0                      
 47   0.267820   4.0 -1   0.00E+00  1 0                      4-  0                      
                                         15      0.122  1.000E+00  1.000E+00  0.000E+00
 48   0.272378   2.0  1   0.00E+00  0 0                      2+  0                      
 49   0.283540   3.0  1   0.00E+00  1 0                      3+  0                      
                                          4      0.207  1.000E+00  1.000E+00  0.000E+00
 50   0.285120   3.0 -1   0.00E+00  2 1                   3-,4-  0                      
                                         11      0.167  4.489E-01  4.489E-01  0.000E+00
                                          1      0.285  5.511E-01  5.511E-01  0.000E+00
 51   0.286033   2.0 -1   0.00E+00  0 0                      2-  0                      
 52   0.287158   4.0  1   0.00E+00  0 0                    (4+)  0                      
 53   0.294452   3.0 -1   0.00E+00  0 1                   3-,4-  0                      
 54   0.296310   3.0  1   0.00E+00  2 0                      3+  0                      
                                         29      0.095  2.235E-01  2.235E-01  0.000E+00
                                         20      0.135  7.765E-01  7.765E-01  0.000E+00
 55   0.301570   3.0  1   0.00E+00  2 1                   3+,4+  0                      
                                         43      0.048  9.679E-01  9.679E-01  0.000E+00
                                         13      0.177  3.209E-02  3.209E-02  0.000E+00
 56   0.303456   2.0  1   0.00E+00  0 1                2+,3+,4+  0                      
 57   0.307459   2.0  1   0.00E+00  0 1                   2+,3+  0                      
 58   0.309390   3.0 -1   0.00E+00  1 0                      3-  0                      
                                         34      0.088  1.000E+00  1.000E+00  0.000E+00
 59   0.320974   3.0  1   0.00E+00  0 0                    3(+)  0                      
 60   0.324296   2.0  1   0.00E+00  0 0                      2+  0                      
 61   0.328148   2.0 -1   0.00E+00  0 0                      2-  0                      
 62   0.333000   3.0  1   0.00E+00  4 0                      3+  0                      
                                         14      0.191  1.674E-01  1.674E-01  0.000E+00
                                         11      0.215  1.105E-01  1.105E-01  0.000E+00
                                          9      0.221  6.202E-01  6.202E-01  0.000E+00
                                          4      0.256  1.020E-01  1.020E-01  0.000E+00
 63   0.334490   4.0 -1   0.00E+00  1 0                      4-  0                      
                                          6      0.245  1.000E+00  1.000E+00  0.000E+00
 64   0.338320   4.0 -1   0.00E+00  2 0                    4(-)  0                      
                                         33      0.118  3.703E-01  3.703E-01  0.000E+00
                                         31      0.124  6.297E-01  6.297E-01  0.000E+00
 65   0.339220   2.0  0   0.00E+00  1 0                       2  0                      
                                         15      0.193  1.000E+00  1.000E+00  0.000E+00
 66   0.340630   2.0 -1   0.00E+00  1 1                   2-,3-  0                      
                                         38      0.103  1.000E+00  1.000E+00  0.000E+00
 67   0.341270   2.0 -1   0.00E+00  1 0                      2-  0                      
                                         29      0.140  1.000E+00  1.000E+00  0.000E+00
 68   0.345638   1.0  1   0.00E+00  0 1                 (1+,2+)  0                      
 69   0.347730   3.0  1   0.00E+00  1 1                    3+,4  0                      
                                         18      0.197  1.000E+00  1.000E+00  0.000E+00
 70   0.350290  -1.0  0   0.00E+00  1 0                          0                      
                                          6      0.261  1.000E+00  1.000E+00  0.000E+00
 71   0.353340   3.0  0   0.00E+00  2 1                    3,4-  0                      
                                         13      0.229  3.394E-01  3.394E-01  0.000E+00
                                          4      0.276  6.606E-01  6.606E-01  0.000E+00
 72   0.359799   2.0 -1   0.00E+00  0 0                      2-  0                      
 73   0.361673   2.0  0   0.00E+00  0 1                   2,3,4  0                      
 74   0.366520   2.0 -1   0.00E+00  1 1                   2-,3+  0                      
                                         19      0.209  1.000E+00  1.000E+00  0.000E+00
 75   0.374609   3.0 -1   0.00E+00  0 0                    (3-)  0                      
 76   0.377500  -1.0  0   0.00E+00  0 0                          0                      
 77   0.384810   3.0 -1   0.00E+00  2 1                   3-,4-  0                      
                                         22      0.210  5.667E-01  5.667E-01  0.000E+00
                                         10      0.271  4.333E-01  4.333E-01  0.000E+00
 78   0.387620   2.0  1   0.00E+00  1 1                   2+,3+  0                      
                                         10      0.274  1.000E+00  1.000E+00  0.000E+00
 79   0.388846  -1.0  0   0.00E+00  0 0                          0                      
 80   0.391400  -1.0  0   0.00E+00  0 0                          0                      
 81   0.395924   3.0  1   0.00E+00  0 1                 (3+,4+)  0                      
 82   0.399800   2.0  0   0.00E+00  3 1                    2,3+  0                      
                                         37      0.172  7.246E-01  7.246E-01  0.000E+00
                                         15      0.254  1.993E-01  1.993E-01  0.000E+00
                                          1      0.401  7.609E-02  7.609E-02  0.000E+00
 83   0.412700   3.0  1   0.00E+00  1 0                      3+  0                      
                                          5      0.334  1.000E+00  1.000E+00  0.000E+00
 84   0.417200  -1.0  0   0.00E+00  0 0                          0                      
 85   0.434660   4.0  0   0.00E+00  2 0                       4  0                      
                                         15      0.289  5.671E-01  5.671E-01  0.000E+00
                                          6      0.345  4.329E-01  4.329E-01  0.000E+00
 86   0.436170   2.0  1   0.00E+00  3 1                   2+,3+  0                      
                                         43      0.182  4.483E-01  4.483E-01  0.000E+00
                                         30      0.233  3.099E-01  3.099E-01  0.000E+00
                                         26      0.239  2.417E-01  2.417E-01  0.000E+00
 87   0.440830   3.0  0   0.00E+00  1 1                    3,4-  0                      
                                          1      0.441  1.000E+00  1.000E+00  0.000E+00
 88   0.442240   2.0  1   0.00E+00  2 1                   2+,3-  0                      
                                          6      0.353  3.438E-01  3.438E-01  0.000E+00
                                          3      0.377  6.562E-01  6.562E-01  0.000E+00
 89   0.446090   3.0  0   0.00E+00  2 1                    3,4-  0                      
                                         18      0.295  5.776E-01  5.776E-01  0.000E+00
                                         13      0.322  4.224E-01  4.224E-01  0.000E+00
 90   0.454890  -1.0  0   0.00E+00  0 0                          0                      
 91   0.459990   2.0 -1   0.00E+00  2 0                      2-  0                      
                                          9      0.349  4.518E-01  4.518E-01  0.000E+00
                                          2      0.414  5.482E-01  5.482E-01  0.000E+00
 92   0.462830   4.0  0   0.00E+00  2 0                       4  0                      
                                         24      0.284  4.041E-01  4.041E-01  0.000E+00
                                          7      0.355  5.959E-01  5.959E-01  0.000E+00
 93   0.467100  -1.0  0   0.00E+00  0 0                          0                      
 94   0.470780  -1.0  0   0.00E+00  0 0                          0                      
 95   0.476490  -1.0  0   0.00E+00  0 0                          0                      
 96   0.482910  -1.0  0   0.00E+00  3 0                          0                      
                                         11      0.365  3.436E-01  3.436E-01  0.000E+00
                                          5      0.404  4.229E-01  4.229E-01  0.000E+00
                                          2      0.438  2.335E-01  2.335E-01  0.000E+00
 97   0.483342   3.0  1   0.00E+00  0 0                      3+  0                      
 98   0.488610  -1.0  0   0.00E+00  0 0                          0                      
 99   0.491680   3.0 -1   0.00E+00  3 1                   3-,4-  0                      
                                         12      0.371  6.385E-01  6.385E-01  0.000E+00
                                         11      0.374  2.538E-01  2.538E-01  0.000E+00
                                          1      0.492  1.077E-01  1.077E-01  0.000E+00
100   0.501080  -1.0  0   0.00E+00  0 0                          0                      
101   0.508420   2.0  1   0.00E+00  5 1                   2+,3+  0                      
                                         58      0.199  5.346E-01  5.346E-01  0.000E+00
                                         34      0.287  2.411E-01  2.411E-01  0.000E+00
                                         19      0.350  6.499E-02  6.499E-02  0.000E+00
                                         12      0.388  9.015E-02  9.015E-02  0.000E+00
                                          2      0.462  6.918E-02  6.918E-02  0.000E+00
102   0.511010   3.0  0   0.00E+00  5 0                       3  0                      
                                         47      0.243  3.466E-01  3.466E-01  0.000E+00
                                         26      0.314  1.278E-01  1.278E-01  0.000E+00
                                         18      0.360  1.449E-01  1.449E-01  0.000E+00
                                         14      0.369  1.676E-01  1.676E-01  0.000E+00
                                         11      0.393  2.131E-01  2.131E-01  0.000E+00
103   0.518500  -1.0  0   0.00E+00  0 0                          0                      
104   0.536750  -1.0  0   0.00E+00  0 0                          0                      
105   0.543060  -1.0  0   0.00E+00  0 0                          0                      
106   0.550780  -1.0  0   0.00E+00  0 0                          0                      
107   0.558900  -1.0  0   0.00E+00  0 0                          0                      
108   0.563280  -1.0  0   0.00E+00  0 0                          0                      
109   0.569060  -1.0  0   0.00E+00  0 0                          0                      
110   0.573690  -1.0  0   0.00E+00  0 0                          0                      
111   0.581050  -1.0  0   0.00E+00  0 0                          0                      
112   0.593500  -1.0  0   0.00E+00  0 0                          0                      
113   0.599900  -1.0  0   0.00E+00  0 0                          0                      
114   0.611990  -1.0  0   0.00E+00  0 0                          0                      
115   0.620780  -1.0  0   0.00E+00  0 0                          0                      
116   0.625570  -1.0  0   0.00E+00  0 0                          0                      
117   0.635400  -1.0  0   0.00E+00  0 0                          0                      
118   0.646710  -1.0  0   0.00E+00  0 0                          0                      
119   0.648800  -1.0  0   0.00E+00  0 0                          0                      
120   0.658600  -1.0  0   0.00E+00  0 0                          0                      
121   0.673500  -1.0  0   0.00E+00  0 0                          0                      
122   0.683600  -1.0  0   0.00E+00  0 0                          0                      
123   0.687500  -1.0  0   0.00E+00  0 0                          0                      
124   0.692950  -1.0  0   0.00E+00  0 0                          0                      
125   0.711890  -1.0  0   0.00E+00  0 0                          0                      
126   0.718300  -1.0  0   0.00E+00  0 0                          0                      
127   0.723800  -1.0  0   0.00E+00  0 0                          0                      
128   0.739280  -1.0  0   0.00E+00  0 0                          0                      
129   0.745300  -1.0  0   0.00E+00  0 0                          0                      
130   0.756410  -1.0  0   0.00E+00  0 0                          0                      
131   0.767800  -1.0  0   0.00E+00  0 0                          0                      
132   0.777580  -1.0  0   0.00E+00  0 0                          0                      
133   0.787800  -1.0  0   0.00E+00  0 0                          0                      
134   0.796910  -1.0  0   0.00E+00  0 0                          0                      
135   0.806400  -1.0  0   0.00E+00  0 0                          0                      
136   0.812500  -1.0  0   0.00E+00  0 0                          0                      
137   0.822800  -1.0  0   0.00E+00  0 0                          0                      
138   0.843810  -1.0  0   0.00E+00  0 0                          0                      
139   0.851800  -1.0  0   0.00E+00  0 0                          0                      
140   0.856900  -1.0  0   0.00E+00  0 0                          0                      
141   0.879000  -1.0  0   0.00E+00  0 0                          0                      
142   0.884590  -1.0  0   0.00E+00  0 0                          0                      
143   0.893370  -1.0  0   0.00E+00  0 0                          0                      
144   0.901200  -1.0  0   0.00E+00  0 0                          0                      
145   0.903000  -1.0  0   0.00E+00  0 0                          0                      
146   0.916900  -1.0  0   0.00E+00  0 0                          0                      
147   0.927510  -1.0  0   0.00E+00  0 0                          0                      
148   0.941770  -1.0  0   0.00E+00  0 0                          0                      
149   6.307110   3.0  1   0.00E+00 57 0                      3+  0                      
                                        148      5.366  6.892E-03  6.892E-03  0.000E+00
                                        147      5.380  7.926E-02  7.926E-02  0.000E+00
                                        144      5.406  1.465E-02  1.465E-02  0.000E+00
                                        143      5.414  1.284E-02  1.284E-02  0.000E+00
                                        142      5.423  1.318E-02  1.318E-02  0.000E+00
                                        141      5.428  2.498E-02  2.498E-02  0.000E+00
                                        140      5.450  2.498E-02  2.498E-02  0.000E+00
                                        139      5.455  1.120E-02  1.120E-02  0.000E+00
                                        138      5.463  3.101E-02  3.101E-02  0.000E+00
                                        137      5.484  5.083E-03  5.083E-03  0.000E+00
                                        135      5.501  6.030E-02  6.030E-02  0.000E+00
                                        134      5.510  1.292E-02  1.292E-02  0.000E+00
                                        132      5.530  1.637E-02  1.637E-02  0.000E+00
                                        131      5.540  1.206E-02  1.206E-02  0.000E+00
                                        130      5.550  2.498E-02  2.498E-02  0.000E+00
                                        129      5.561  9.476E-03  9.476E-03  0.000E+00
                                        128      5.568  1.120E-02  1.120E-02  0.000E+00
                                        125      5.595  4.566E-02  4.566E-02  0.000E+00
                                        124      5.614  2.068E-02  2.068E-02  0.000E+00
                                        122      5.622  2.326E-02  2.326E-02  0.000E+00
                                        120      5.648  1.241E-02  1.241E-02  0.000E+00
                                        118      5.660  1.206E-02  1.206E-02  0.000E+00
                                        116      5.682  8.787E-03  8.787E-03  0.000E+00
                                        115      5.687  1.051E-02  1.051E-02  0.000E+00
                                        114      5.696  5.686E-03  5.686E-03  0.000E+00
                                        111      5.726  2.317E-02  2.317E-02  0.000E+00
                                        110      5.733  1.266E-02  1.266E-02  0.000E+00
                                        109      5.738  7.753E-03  7.753E-03  0.000E+00
                                        108      5.743  1.318E-02  1.318E-02  0.000E+00
                                        105      5.763  6.030E-03  6.030E-03  0.000E+00
                                        104      5.770  1.206E-02  1.206E-02  0.000E+00
                                        102      5.797  1.637E-02  1.637E-02  0.000E+00
                                        100      5.806  1.034E-02  1.034E-02  0.000E+00
                                         99      5.816  3.187E-02  3.187E-02  0.000E+00
                                         98      5.819  7.753E-03  7.753E-03  0.000E+00
                                         94      5.836  1.206E-02  1.206E-02  0.000E+00
                                         89      5.861  7.753E-03  7.753E-03  0.000E+00
                                         83      5.894  1.292E-02  1.292E-02  0.000E+00
                                         80      5.916  3.015E-02  3.015E-02  0.000E+00
                                         77      5.922  1.981E-02  1.981E-02  0.000E+00
                                         71      5.955  5.169E-03  5.169E-03  0.000E+00
                                         66      5.967  7.753E-03  7.753E-03  0.000E+00
                                         59      5.986  4.307E-03  4.307E-03  0.000E+00
                                         53      6.013  9.476E-03  9.476E-03  0.000E+00
                                         51      6.021  2.059E-02  2.059E-02  0.000E+00
                                         49      6.024  1.981E-02  1.981E-02  0.000E+00
                                         40      6.060  9.476E-03  9.476E-03  0.000E+00
                                         39      6.069  7.064E-02  7.064E-02  0.000E+00
                                         35      6.085  1.551E-02  1.551E-02  0.000E+00
                                         30      6.104  5.169E-03  5.169E-03  0.000E+00
                                         22      6.132  9.476E-03  9.476E-03  0.000E+00
                                         21      6.143  1.206E-03  1.206E-03  0.000E+00
                                         18      6.156  2.309E-02  2.309E-02  0.000E+00
                                         14      6.165  6.203E-03  6.203E-03  0.000E+00
                                          6      6.216  6.892E-03  6.892E-03  0.000E+00
                                          4      6.230  3.532E-02  3.532E-02  0.000E+00
                                          1      6.307  1.559E-02  1.559E-02  0.000E+00
