156Gd  156   64  180  458  179   13    8.536353    8.005967
  1   0.000000   0.0  1  -1.00E+00  0 0                      0+  0                      
  2   0.088967   2.0  1   0.00E+00  1 0                      2+  0                      
                                          1      0.089  1.000E+00  1.000E+00  0.000E+00
  3   0.288180   4.0  1   0.00E+00  1 0                      4+  0                      
                                          2      0.199  1.000E+00  1.000E+00  0.000E+00
  4   0.584706   6.0  1   0.00E+00  1 0                      6+  0                      
                                          3      0.297  1.000E+00  1.000E+00  0.000E+00
  5   0.965088   8.0  1   0.00E+00  1 0                      8+  0                      
                                          4      0.380  1.000E+00  1.000E+00  0.000E+00
  6   1.049523   0.0  1   0.00E+00  2 0                      0+  0                      
                                          2      0.961  1.000E+00  1.000E+00  0.000E+00
                                          1      1.050  0.000E+00  0.000E+00  0.000E+00
  7   1.129400   2.0  1   0.00E+00  4 0                      2+  0                      
                                          6      0.080  2.286E-05  2.286E-05  0.000E+00
                                          3      0.841  2.286E-01  2.286E-01  0.000E+00
                                          2      1.040  5.971E-01  5.971E-01  0.000E+00
                                          1      1.129  1.743E-01  1.743E-01  0.000E+00
  8   1.154107   2.0  1   0.00E+00  4 0                      2+  0                      
                                          6      0.105  3.878E-06  3.878E-06  0.000E+00
                                          3      0.866  3.047E-02  3.047E-02  0.000E+00
                                          2      1.065  5.679E-01  5.679E-01  0.000E+00
                                          1      1.154  4.017E-01  4.017E-01  0.000E+00
  9   1.168220   0.0  1   0.00E+00  3 0                      0+  0                      
                                          6      0.119  0.000E+00  0.000E+00  0.000E+00
                                          2      1.079  1.000E+00  1.000E+00  0.000E+00
                                          1      1.168  0.000E+00  0.000E+00  0.000E+00
 10   1.242487   1.0 -1   0.00E+00  3 0                      1-  0                      
                                          6      0.193  6.858E-04  6.858E-04  0.000E+00
                                          2      1.154  0.000E+00  0.000E+00  0.000E+00
                                          1      1.242  9.993E-01  9.993E-01  0.000E+00
 11   1.247957   3.0  1   0.00E+00  2 0                      3+  0                      
                                          3      0.960  2.308E-01  2.308E-01  0.000E+00
                                          2      1.159  7.692E-01  7.692E-01  0.000E+00
 12   1.258060   2.0  1   0.00E+00  4 0                      2+  0                      
                                          8      0.104  4.566E-05  4.566E-05  0.000E+00
                                          3      0.970  7.854E-01  7.854E-01  0.000E+00
                                          2      1.169  0.000E+00  0.000E+00  0.000E+00
                                          1      1.258  2.146E-01  2.146E-01  0.000E+00
 13   1.276091   3.0 -1   0.00E+00  2 0                      3-  0                      
                                          3      0.988  2.975E-01  2.975E-01  0.000E+00
                                          2      1.187  7.025E-01  7.025E-01  0.000E+00
 14   1.283400  -1.0  0   0.00E+00  1 0                          0                      
                                          1      1.283  0.000E+00  0.000E+00  0.000E+00
 15   1.297778   4.0  1   0.00E+00  5 0                      4+  0                      
                                          8      0.144  4.285E-04  4.285E-04  0.000E+00
                                          7      0.168  5.428E-03  5.428E-03  0.000E+00
                                          4      0.713  5.142E-02  5.142E-02  0.000E+00
                                          3      1.010  4.571E-01  4.571E-01  0.000E+00
                                          2      1.209  4.856E-01  4.856E-01  0.000E+00
 16   1.319761   2.0 -1   0.00E+00  1 0                      2-  0                      
                                          2      1.231  1.000E+00  1.000E+00  0.000E+00
 17   1.355369   4.0  1   0.00E+00  7 0                      4+  0                      
                                         15      0.058  2.226E-05  2.226E-05  0.000E+00
                                         11      0.107  1.558E-04  1.558E-04  0.000E+00
                                         10      0.113  4.007E-04  4.007E-04  0.000E+00
                                          8      0.201  1.959E-03  1.959E-03  0.000E+00
                                          7      0.226  1.247E-04  1.247E-04  0.000E+00
                                          3      1.067  7.124E-01  7.124E-01  0.000E+00
                                          2      1.266  2.850E-01  2.850E-01  0.000E+00
 18   1.366480   1.0 -1   0.00E+00  3 0                      1-  0                      
                                          7      0.237  5.052E-04  5.052E-04  0.000E+00
                                          2      1.278  6.495E-01  6.495E-01  0.000E+00
                                          1      1.366  3.500E-01  3.500E-01  0.000E+00
 19   1.408100   5.0 -1   0.00E+00  2 0                      5-  0                      
                                          4      0.823  2.273E-01  2.273E-01  0.000E+00
                                          3      1.120  7.727E-01  7.727E-01  0.000E+00
 20   1.462243   4.0  1   0.00E+00  6 0                      4+  0                      
                                         15      0.164  1.021E-03  1.021E-03  0.000E+00
                                         12      0.204  1.801E-05  1.801E-05  0.000E+00
                                          7      0.333  2.222E-03  2.222E-03  0.000E+00
                                          4      0.878  2.462E-01  2.462E-01  0.000E+00
                                          3      1.174  6.605E-01  6.605E-01  0.000E+00
                                          2      1.373  9.007E-02  9.007E-02  0.000E+00
 21   1.468550   4.0 -1   0.00E+00  1 0                      4-  0                      
                                          3      1.180  1.000E+00  1.000E+00  0.000E+00
 22   1.506806   5.0  1   0.00E+00  4 0                      5+  0                      
                                         17      0.151  5.640E-04  5.640E-04  0.000E+00
                                         11      0.259  9.554E-03  9.554E-03  0.000E+00
                                          4      0.922  2.532E-01  2.532E-01  0.000E+00
                                          3      1.219  7.367E-01  7.367E-01  0.000E+00
 23   1.510534   4.0  1   0.00E+00  8 0                      4+  0                      
                                         17      0.155  2.109E-02  2.109E-02  0.000E+00
                                         15      0.213  5.021E-04  5.021E-04  0.000E+00
                                         11      0.263  7.364E-02  7.364E-02  0.000E+00
                                          8      0.356  1.607E-01  1.607E-01  0.000E+00
                                          7      0.381  7.699E-03  7.699E-03  0.000E+00
                                          4      0.926  6.695E-02  6.695E-02  0.000E+00
                                          3      1.222  4.653E-01  4.653E-01  0.000E+00
                                          2      1.422  2.042E-01  2.042E-01  0.000E+00
 24   1.538822   3.0 -1   0.00E+00  2 0                      3-  0                      
                                          3      1.251  5.160E-01  5.160E-01  0.000E+00
                                          2      1.450  4.840E-01  4.840E-01  0.000E+00
 25   1.622472   5.0  1   0.00E+00  5 0                      5+  0                      
                                         23      0.112  2.937E-01  2.937E-01  0.000E+00
                                         22      0.116  1.199E-02  1.199E-02  0.000E+00
                                         17      0.267  2.692E-02  2.692E-02  0.000E+00
                                         11      0.375  6.608E-03  6.608E-03  0.000E+00
                                          3      1.334  6.608E-01  6.608E-01  0.000E+00
 26   1.644800   6.0  1   0.00E+00  1 0                      6+  0                      
                                          4      1.060  1.000E+00  1.000E+00  0.000E+00
 27   1.715185   0.0  1   0.00E+00  7 0                      0+  0                      
                                         18      0.349  7.451E-02  7.451E-02  0.000E+00
                                         10      0.473  7.059E-01  7.059E-01  0.000E+00
                                          9      0.547  0.000E+00  0.000E+00  0.000E+00
                                          7      0.586  0.000E+00  0.000E+00  0.000E+00
                                          6      0.666  0.000E+00  0.000E+00  0.000E+00
                                          2      1.626  2.196E-01  2.196E-01  0.000E+00
                                          1      1.715  0.000E+00  0.000E+00  0.000E+00
 28   1.753584   6.0  1   0.00E+00  4 0                      6+  0                      
                                         25      0.131  3.053E-03  3.053E-03  0.000E+00
                                         23      0.243  9.230E-04  9.230E-04  0.000E+00
                                         22      0.247  2.059E-03  2.059E-03  0.000E+00
                                          4      1.169  9.940E-01  9.940E-01  0.000E+00
 29   1.771057   2.0  1   0.00E+00  7 0                      2+  0                      
                                         24      0.232  1.056E-03  1.056E-03  0.000E+00
                                         18      0.405  1.056E-02  1.056E-02  0.000E+00
                                         13      0.495  6.172E-02  6.172E-02  0.000E+00
                                         12      0.513  2.355E-02  2.355E-02  0.000E+00
                                         10      0.529  7.309E-03  7.309E-03  0.000E+00
                                          8      0.617  1.868E-02  1.868E-02  0.000E+00
                                          2      1.682  8.771E-01  8.771E-01  0.000E+00
 30   1.780383   2.0 -1   0.00E+00  6 0                      2-  0                      
                                         13      0.504  1.120E-02  1.120E-02  0.000E+00
                                         12      0.522  2.241E-02  2.241E-02  0.000E+00
                                         11      0.532  2.054E-01  2.054E-01  0.000E+00
                                         10      0.538  4.015E-02  4.015E-02  0.000E+00
                                          8      0.626  6.816E-01  6.816E-01  0.000E+00
                                          7      0.651  3.922E-02  3.922E-02  0.000E+00
 31   1.807700  -1.0  0   0.00E+00  1 0                          0                      
                                          1      1.808  0.000E+00  0.000E+00  0.000E+00
 32   1.827792   2.0  1   0.00E+00  8 0                      2+  0                      
                                         20      0.366  2.035E-03  2.035E-03  0.000E+00
                                         12      0.570  2.682E-02  2.682E-02  0.000E+00
                                         11      0.580  9.249E-02  9.249E-02  0.000E+00
                                          8      0.674  1.110E-01  1.110E-01  0.000E+00
                                          7      0.698  1.665E-01  1.665E-01  0.000E+00
                                          6      0.778  1.850E-01  1.850E-01  0.000E+00
                                          2      1.739  2.312E-01  2.312E-01  0.000E+00
                                          1      1.828  1.850E-01  1.850E-01  0.000E+00
 33   1.851288   0.0  1   0.00E+00  4 0                      0+  0                      
                                         18      0.485  1.549E-01  1.549E-01  0.000E+00
                                         10      0.609  1.127E-01  1.127E-01  0.000E+00
                                          2      1.762  7.324E-01  7.324E-01  0.000E+00
                                          1      1.851  0.000E+00  0.000E+00  0.000E+00
 34   1.851768   3.0 -1   0.00E+00  6 0                      3-  0                      
                                         17      0.496  2.000E-01  2.000E-01  0.000E+00
                                         15      0.554  1.667E-02  1.667E-02  0.000E+00
                                         13      0.576  2.833E-02  2.833E-02  0.000E+00
                                         11      0.604  3.000E-01  3.000E-01  0.000E+00
                                          8      0.698  3.500E-01  3.500E-01  0.000E+00
                                          7      0.722  1.050E-01  1.050E-01  0.000E+00
 35   1.859100  -1.0  0   0.00E+00  1 0                          0                      
                                          1      1.859  0.000E+00  0.000E+00  0.000E+00
 36   1.860991   4.0  1   0.00E+00  2 0                      4+  0                      
                                         25      0.239  5.882E-02  5.882E-02  0.000E+00
                                         23      0.350  9.412E-01  9.412E-01  0.000E+00
 37   1.893360   4.0  1   0.00E+00  3 0                      4+  0                      
                                         20      0.431  1.054E-02  1.054E-02  0.000E+00
                                         12      0.635  3.115E-02  3.115E-02  0.000E+00
                                          3      1.605  9.583E-01  9.583E-01  0.000E+00
 38   1.914737   2.0  1   0.00E+00  8 0                      2+  0                      
                                         24      0.376  5.696E-03  5.696E-03  0.000E+00
                                         18      0.548  3.255E-02  3.255E-02  0.000E+00
                                         17      0.559  1.627E-02  1.627E-02  0.000E+00
                                         13      0.639  7.811E-02  7.811E-02  0.000E+00
                                         12      0.657  3.906E-02  3.906E-02  0.000E+00
                                         11      0.667  3.255E-02  3.255E-02  0.000E+00
                                         10      0.672  4.719E-02  4.719E-02  0.000E+00
                                          2      1.826  7.486E-01  7.486E-01  0.000E+00
 39   1.916394   3.0  1   0.00E+00  9 0                      3+  0                      
                                         22      0.410  4.728E-03  4.728E-03  0.000E+00
                                         17      0.561  3.110E-02  3.110E-02  0.000E+00
                                         15      0.619  2.613E-02  2.613E-02  0.000E+00
                                         12      0.658  2.115E-02  2.115E-02  0.000E+00
                                         11      0.668  3.359E-02  3.359E-02  0.000E+00
                                          8      0.762  1.617E-01  1.617E-01  0.000E+00
                                          7      0.787  2.115E-01  2.115E-01  0.000E+00
                                          3      1.628  2.613E-01  2.613E-01  0.000E+00
                                          2      1.827  2.488E-01  2.488E-01  0.000E+00
 40   1.934240   2.0 -1   0.00E+00  8 0                      2-  0                      
                                         18      0.568  2.204E-01  2.204E-01  0.000E+00
                                         16      0.614  4.176E-01  4.176E-01  0.000E+00
                                         13      0.658  0.000E+00  0.000E+00  0.000E+00
                                         12      0.676  9.281E-03  9.281E-03  0.000E+00
                                         11      0.686  3.132E-02  3.132E-02  0.000E+00
                                         10      0.692  3.132E-02  3.132E-02  0.000E+00
                                          8      0.780  1.276E-01  1.276E-01  0.000E+00
                                          2      1.845  1.624E-01  1.624E-01  0.000E+00
 41   1.934282   3.0 -1   0.00E+00  9 0                      3-  0                      
                                         17      0.579  4.177E-02  4.177E-02  0.000E+00
                                         16      0.615  1.597E-02  1.597E-02  0.000E+00
                                         13      0.658  1.597E-02  1.597E-02  0.000E+00
                                         12      0.676  1.229E-02  1.229E-02  0.000E+00
                                         11      0.686  3.563E-02  3.563E-02  0.000E+00
                                         10      0.692  1.843E-02  1.843E-02  0.000E+00
                                          8      0.780  1.966E-01  1.966E-01  0.000E+00
                                          3      1.646  3.194E-01  3.194E-01  0.000E+00
                                          2      1.845  3.440E-01  3.440E-01  0.000E+00
 42   1.946240   1.0 -1   0.00E+00  2 0                      1-  0                      
                                          2      1.857  5.862E-01  5.862E-01  0.000E+00
                                          1      1.946  4.138E-01  4.138E-01  0.000E+00
 43   1.952301   4.0 -1   0.00E+00  5 0                      4-  0                      
                                         30      0.172  3.530E-03  3.530E-03  0.000E+00
                                         22      0.445  1.656E-01  1.656E-01  0.000E+00
                                         17      0.597  2.064E-01  2.064E-01  0.000E+00
                                         13      0.676  0.000E+00  0.000E+00  0.000E+00
                                         11      0.704  6.245E-01  6.245E-01  0.000E+00
 44   1.952380   1.0 -1   0.00E+00  2 0                      1-  0                      
                                         18      0.586  1.209E-01  1.209E-01  0.000E+00
                                         10      0.710  8.791E-01  8.791E-01  0.000E+00
 45   1.961987   5.0  1   0.00E+00  4 0                      5+  0                      
                                         36      0.101  5.949E-02  5.949E-02  0.000E+00
                                         28      0.208  4.816E-02  4.816E-02  0.000E+00
                                         25      0.340  5.807E-01  5.807E-01  0.000E+00
                                         23      0.451  3.116E-01  3.116E-01  0.000E+00
 46   1.965041  -1.0  0   0.00E+00  6 0                          0                      
                                         25      0.343  5.599E-03  5.599E-03  0.000E+00
                                         22      0.458  9.064E-02  9.064E-02  0.000E+00
                                         20      0.503  2.666E-02  2.666E-02  0.000E+00
                                         19      0.557  2.666E-02  2.666E-02  0.000E+00
                                         17      0.610  1.573E-01  1.573E-01  0.000E+00
                                         11      0.717  6.931E-01  6.931E-01  0.000E+00
 47   1.965983   1.0  1   0.00E+00  5 0                      1+  0                      
                                         18      0.600  3.069E-02  3.069E-02  0.000E+00
                                         16      0.646  8.885E-02  8.885E-02  0.000E+00
                                         10      0.723  8.078E-02  8.078E-02  0.000E+00
                                          8      0.812  1.535E-01  1.535E-01  0.000E+00
                                          1      1.966  6.462E-01  6.462E-01  0.000E+00
 48   1.986900  -1.0  0   0.00E+00  1 0                          0                      
                                          1      1.987  0.000E+00  0.000E+00  0.000E+00
 49   1.991500  -1.0  0   0.00E+00  1 0                          0                      
                                          1      1.992  0.000E+00  0.000E+00  0.000E+00
 50   2.003780   2.0  1   0.00E+00  5 0                      2+  0                      
                                         16      0.684  6.569E-02  6.569E-02  0.000E+00
                                         13      0.728  3.212E-01  3.212E-01  0.000E+00
                                         11      0.756  1.606E-01  1.606E-01  0.000E+00
                                         10      0.761  3.066E-01  3.066E-01  0.000E+00
                                          8      0.850  1.460E-01  1.460E-01  0.000E+00
 51   2.020630   4.0  1   0.00E+00  2 0                      4+  0                      
                                         17      0.665  6.977E-02  6.977E-02  0.000E+00
                                          3      1.732  9.302E-01  9.302E-01  0.000E+00
 52   2.026910   1.0  1   0.00E+00  2 0                      1+  0                      
                                          2      1.938  4.706E-01  4.706E-01  0.000E+00
                                          1      2.027  5.294E-01  5.294E-01  0.000E+00
 53   2.044853   4.0 -1   0.00E+00  2 0                      4-  0                      
                                         25      0.422  1.065E-01  1.065E-01  0.000E+00
                                         23      0.534  8.935E-01  8.935E-01  0.000E+00
 54   2.048600  -1.0  0   0.00E+00  1 0                          0                      
                                          1      2.049  0.000E+00  0.000E+00  0.000E+00
 55   2.054200   2.0  1   0.00E+00  6 0                      2+  0                      
                                         24      0.515  1.942E-02  1.942E-02  0.000E+00
                                         16      0.734  9.385E-02  9.385E-02  0.000E+00
                                         12      0.796  1.845E-01  1.845E-01  0.000E+00
                                          3      1.766  4.531E-01  4.531E-01  0.000E+00
                                          2      1.965  0.000E+00  0.000E+00  0.000E+00
                                          1      2.054  2.492E-01  2.492E-01  0.000E+00
 56   2.055930   4.0  1   0.00E+00  5 0                      4+  0                      
                                         24      0.517  2.152E-01  2.152E-01  0.000E+00
                                         21      0.587  1.899E-01  1.899E-01  0.000E+00
                                         20      0.594  1.646E-01  1.646E-01  0.000E+00
                                         19      0.648  4.304E-01  4.304E-01  0.000E+00
                                         13      0.780  0.000E+00  0.000E+00  0.000E+00
 57   2.066550   5.0 -1   0.00E+00  2 0                      5-  0                      
                                         22      0.560  1.818E-01  1.818E-01  0.000E+00
                                         17      0.711  8.182E-01  8.182E-01  0.000E+00
 58   2.070320   3.0  1   0.00E+00  8 0                      3+  0                      
                                         21      0.602  9.164E-02  9.164E-02  0.000E+00
                                         17      0.715  6.065E-02  6.065E-02  0.000E+00
                                         16      0.751  1.482E-01  1.482E-01  0.000E+00
                                         13      0.794  3.369E-02  3.369E-02  0.000E+00
                                         11      0.822  8.625E-02  8.625E-02  0.000E+00
                                          8      0.916  1.752E-01  1.752E-01  0.000E+00
                                          3      1.782  1.348E-01  1.348E-01  0.000E+00
                                          2      1.981  2.695E-01  2.695E-01  0.000E+00
 59   2.082200  -1.0  0   0.00E+00  1 0                          0                      
                                          1      2.082  0.000E+00  0.000E+00  0.000E+00
 60   2.103320   3.0 -1   0.00E+00  3 0                      3-  0                      
                                          8      0.949  4.381E-01  4.381E-01  0.000E+00
                                          3      1.815  7.216E-02  7.216E-02  0.000E+00
                                          2      2.014  4.897E-01  4.897E-01  0.000E+00
 61   2.106700   3.0  1   0.00E+00  4 0                      3+  0                      
                                         21      0.638  1.463E-02  1.463E-02  0.000E+00
                                         16      0.787  1.659E-01  1.659E-01  0.000E+00
                                          3      1.819  3.415E-01  3.415E-01  0.000E+00
                                          2      2.018  4.780E-01  4.780E-01  0.000E+00
 62   2.116388   5.0 -1   0.00E+00  3 0                      5-  0                      
                                         28      0.363  9.091E-02  9.091E-02  0.000E+00
                                         25      0.494  4.895E-01  4.895E-01  0.000E+00
                                         23      0.606  4.196E-01  4.196E-01  0.000E+00
 63   2.147100  -1.0  0   0.00E+00  1 0                          0                      
                                          1      2.147  0.000E+00  0.000E+00  0.000E+00
 64   2.157800  -1.0  0   0.00E+00  1 0                          0                      
                                          1      2.158  0.000E+00  0.000E+00  0.000E+00
 65   2.181220   4.0  1   0.00E+00  3 0                      4+  0                      
                                         22      0.674  3.263E-01  3.263E-01  0.000E+00
                                         17      0.826  3.263E-01  3.263E-01  0.000E+00
                                         13      0.905  3.474E-01  3.474E-01  0.000E+00
 66   2.186780   1.0  1   0.00E+00  4 0                      1+  0                      
                                         16      0.867  0.000E+00  0.000E+00  0.000E+00
                                         10      0.944  3.125E-01  3.125E-01  0.000E+00
                                          2      2.098  3.750E-01  3.750E-01  0.000E+00
                                          1      2.187  3.125E-01  3.125E-01  0.000E+00
 67   2.190400   4.0  1   0.00E+00  1 0                      4+  0                      
                                          3      1.902  1.000E+00  1.000E+00  0.000E+00
 68   2.195390   6.0 -1   0.00E+00  2 0                      6-  0                      
                                         28      0.442  3.333E-01  3.333E-01  0.000E+00
                                         25      0.573  6.667E-01  6.667E-01  0.000E+00
 69   2.205524   1.0 -1   0.00E+00  4 0                      1-  0                      
                                         38      0.291  2.576E-02  2.576E-02  0.000E+00
                                         29      0.434  1.771E-01  1.771E-01  0.000E+00
                                         27      0.490  1.771E-01  1.771E-01  0.000E+00
                                          1      2.206  6.200E-01  6.200E-01  0.000E+00
 70   2.216710   2.0  1   0.00E+00  2 0                      2+  0                      
                                         13      0.941  1.250E-01  1.250E-01  0.000E+00
                                          2      2.128  8.750E-01  8.750E-01  0.000E+00
 71   2.229300  -1.0  0   0.00E+00  1 0                          0                      
                                          1      2.229  0.000E+00  0.000E+00  0.000E+00
 72   2.239800  -1.0  0   0.00E+00  1 0                          0                      
                                          1      2.240  0.000E+00  0.000E+00  0.000E+00
 73   2.256800  -1.0  0   0.00E+00  1 0                          0                      
                                          1      2.257  0.000E+00  0.000E+00  0.000E+00
 74   2.269700   3.0  1   0.00E+00  2 0                      3+  0                      
                                          3      1.982  0.000E+00  0.000E+00  0.000E+00
                                          2      2.181  1.000E+00  1.000E+00  0.000E+00
 75   2.273400  -1.0  0   0.00E+00  1 0                          0                      
                                          1      2.273  0.000E+00  0.000E+00  0.000E+00
 76   2.301700  -1.0  0   0.00E+00  1 0                          0                      
                                          1      2.302  0.000E+00  0.000E+00  0.000E+00
 77   2.318300  -1.0  0   0.00E+00  1 0                          0                      
                                          1      2.318  0.000E+00  0.000E+00  0.000E+00
 78   2.323300  -1.0  0   0.00E+00  1 0                          0                      
                                          1      2.323  0.000E+00  0.000E+00  0.000E+00
 79   2.327900  -1.0  0   0.00E+00  1 0                          0                      
                                          1      2.328  0.000E+00  0.000E+00  0.000E+00
 80   2.342500  -1.0  0   0.00E+00  1 0                          0                      
                                          1      2.342  0.000E+00  0.000E+00  0.000E+00
 81   2.363300  -1.0  0   0.00E+00  1 0                          0                      
                                          1      2.363  0.000E+00  0.000E+00  0.000E+00
 82   2.367500  -1.0  0   0.00E+00  1 0                          0                      
                                          1      2.368  0.000E+00  0.000E+00  0.000E+00
 83   2.382700  -1.0  0   0.00E+00  1 0                          0                      
                                          1      2.383  0.000E+00  0.000E+00  0.000E+00
 84   2.404100  -1.0  0   0.00E+00  1 0                          0                      
                                          1      2.404  0.000E+00  0.000E+00  0.000E+00
 85   2.416000  -1.0  0   0.00E+00  1 0                          0                      
                                          1      2.416  0.000E+00  0.000E+00  0.000E+00
 86   2.428300  -1.0  0   0.00E+00  1 0                          0                      
                                          1      2.428  0.000E+00  0.000E+00  0.000E+00
 87   2.437000  -1.0  0   0.00E+00  1 0                          0                      
                                          1      2.437  0.000E+00  0.000E+00  0.000E+00
 88   2.446500  -1.0  0   0.00E+00  1 0                          0                      
                                          1      2.446  0.000E+00  0.000E+00  0.000E+00
 89   2.452700  -1.0  0   0.00E+00  1 0                          0                      
                                          1      2.453  0.000E+00  0.000E+00  0.000E+00
 90   2.460700  -1.0  0   0.00E+00  1 0                          0                      
                                          1      2.461  0.000E+00  0.000E+00  0.000E+00
 91   2.476900  -1.0  0   0.00E+00  1 0                          0                      
                                          1      2.477  0.000E+00  0.000E+00  0.000E+00
 92   2.502100  -1.0  0   0.00E+00  1 0                          0                      
                                          1      2.502  0.000E+00  0.000E+00  0.000E+00
 93   2.506500  -1.0  0   0.00E+00  1 0                          0                      
                                          1      2.506  0.000E+00  0.000E+00  0.000E+00
 94   2.518400  -1.0  0   0.00E+00  1 0                          0                      
                                          1      2.518  0.000E+00  0.000E+00  0.000E+00
 95   2.534200  -1.0  0   0.00E+00  1 0                          0                      
                                          1      2.534  0.000E+00  0.000E+00  0.000E+00
 96   2.574200  -1.0  0   0.00E+00  1 0                          0                      
                                          1      2.574  0.000E+00  0.000E+00  0.000E+00
 97   2.589400  -1.0  0   0.00E+00  1 0                          0                      
                                          1      2.589  0.000E+00  0.000E+00  0.000E+00
 98   2.594500  -1.0  0   0.00E+00  1 0                          0                      
                                          1      2.594  0.000E+00  0.000E+00  0.000E+00
 99   2.598000  -1.0  0   0.00E+00  1 0                          0                      
                                          1      2.598  0.000E+00  0.000E+00  0.000E+00
100   2.615000  -1.0  0   0.00E+00  1 0                          0                      
                                          1      2.615  0.000E+00  0.000E+00  0.000E+00
101   2.644900  -1.0  0   0.00E+00  1 0                          0                      
                                          1      2.645  0.000E+00  0.000E+00  0.000E+00
102   2.651500  -1.0  0   0.00E+00  1 0                          0                      
                                          1      2.651  0.000E+00  0.000E+00  0.000E+00
103   2.701000  -1.0  0   0.00E+00  1 0                          0                      
                                          1      2.701  0.000E+00  0.000E+00  0.000E+00
104   2.719300  -1.0  0   0.00E+00  1 0                          0                      
                                          1      2.719  0.000E+00  0.000E+00  0.000E+00
105   2.724000  -1.0  0   0.00E+00  1 0                          0                      
                                          1      2.724  0.000E+00  0.000E+00  0.000E+00
106   2.735900  -1.0  0   0.00E+00  1 0                          0                      
                                          1      2.736  0.000E+00  0.000E+00  0.000E+00
107   2.749400  -1.0  0   0.00E+00  1 0                          0                      
                                          1      2.749  0.000E+00  0.000E+00  0.000E+00
108   2.762400  -1.0  0   0.00E+00  1 0                          0                      
                                          1      2.762  0.000E+00  0.000E+00  0.000E+00
109   2.785600  -1.0  0   0.00E+00  1 0                          0                      
                                          1      2.786  0.000E+00  0.000E+00  0.000E+00
110   2.817400  -1.0  0   0.00E+00  1 0                          0                      
                                          1      2.817  0.000E+00  0.000E+00  0.000E+00
111   2.830600  -1.0  0   0.00E+00  1 0                          0                      
                                          1      2.831  0.000E+00  0.000E+00  0.000E+00
112   2.840000  -1.0  0   0.00E+00  1 0                          0                      
                                          1      2.840  0.000E+00  0.000E+00  0.000E+00
113   2.850600  -1.0  0   0.00E+00  1 0                          0                      
                                          1      2.851  0.000E+00  0.000E+00  0.000E+00
114   2.874300  -1.0  0   0.00E+00  1 0                          0                      
                                          1      2.874  0.000E+00  0.000E+00  0.000E+00
115   2.887600  -1.0  0   0.00E+00  1 0                          0                      
                                          1      2.888  0.000E+00  0.000E+00  0.000E+00
116   2.910600  -1.0  0   0.00E+00  1 0                          0                      
                                          1      2.911  0.000E+00  0.000E+00  0.000E+00
117   2.928900  -1.0  0   0.00E+00  1 0                          0                      
                                          1      2.929  0.000E+00  0.000E+00  0.000E+00
118   2.947300  -1.0  0   0.00E+00  1 0                          0                      
                                          1      2.947  0.000E+00  0.000E+00  0.000E+00
119   2.962300  -1.0  0   0.00E+00  1 0                          0                      
                                          1      2.962  0.000E+00  0.000E+00  0.000E+00
120   2.973300  -1.0  0   0.00E+00  1 0                          0                      
                                          1      2.973  0.000E+00  0.000E+00  0.000E+00
121   2.987600  -1.0  0   0.00E+00  1 0                          0                      
                                          1      2.988  0.000E+00  0.000E+00  0.000E+00
122   2.998500  -1.0  0   0.00E+00  1 0                          0                      
                                          1      2.998  0.000E+00  0.000E+00  0.000E+00
123   3.006800  -1.0  0   0.00E+00  1 0                          0                      
                                          1      3.007  0.000E+00  0.000E+00  0.000E+00
124   3.024400  -1.0  0   0.00E+00  1 0                          0                      
                                          1      3.024  0.000E+00  0.000E+00  0.000E+00
125   3.033200  -1.0  0   0.00E+00  1 0                          0                      
                                          1      3.033  0.000E+00  0.000E+00  0.000E+00
126   3.050100  -1.0  0   0.00E+00  1 0                          0                      
                                          1      3.050  0.000E+00  0.000E+00  0.000E+00
127   3.105700  -1.0  0   0.00E+00  1 0                          0                      
                                          1      3.106  0.000E+00  0.000E+00  0.000E+00
128   3.107300  -1.0  0   0.00E+00  1 0                          0                      
                                          1      3.107  0.000E+00  0.000E+00  0.000E+00
129   3.116700  -1.0  0   0.00E+00  1 0                          0                      
                                          1      3.117  0.000E+00  0.000E+00  0.000E+00
130   3.122200  -1.0  0   0.00E+00  1 0                          0                      
                                          1      3.122  0.000E+00  0.000E+00  0.000E+00
131   3.141500  -1.0  0   0.00E+00  1 0                          0                      
                                          1      3.142  0.000E+00  0.000E+00  0.000E+00
132   3.157500  -1.0  0   0.00E+00  1 0                          0                      
                                          1      3.158  0.000E+00  0.000E+00  0.000E+00
133   3.165200  -1.0  0   0.00E+00  1 0                          0                      
                                          1      3.165  0.000E+00  0.000E+00  0.000E+00
134   3.182400  -1.0  0   0.00E+00  1 0                          0                      
                                          1      3.182  0.000E+00  0.000E+00  0.000E+00
135   3.189700  -1.0  0   0.00E+00  1 0                          0                      
                                          1      3.190  0.000E+00  0.000E+00  0.000E+00
136   3.207400  -1.0  0   0.00E+00  1 0                          0                      
                                          1      3.207  0.000E+00  0.000E+00  0.000E+00
137   3.229300  -1.0  0   0.00E+00  1 0                          0                      
                                          1      3.229  0.000E+00  0.000E+00  0.000E+00
138   3.266400  -1.0  0   0.00E+00  1 0                          0                      
                                          1      3.266  0.000E+00  0.000E+00  0.000E+00
139   3.275400  -1.0  0   0.00E+00  1 0                          0                      
                                          1      3.275  0.000E+00  0.000E+00  0.000E+00
140   3.285300  -1.0  0   0.00E+00  1 0                          0                      
                                          1      3.285  0.000E+00  0.000E+00  0.000E+00
141   3.297400  -1.0  0   0.00E+00  1 0                          0                      
                                          1      3.297  0.000E+00  0.000E+00  0.000E+00
142   3.340100  -1.0  0   0.00E+00  1 0                          0                      
                                          1      3.340  0.000E+00  0.000E+00  0.000E+00
143   3.357700  -1.0  0   0.00E+00  1 0                          0                      
                                          1      3.358  0.000E+00  0.000E+00  0.000E+00
144   3.367800  -1.0  0   0.00E+00  1 0                          0                      
                                          1      3.368  0.000E+00  0.000E+00  0.000E+00
145   3.377600  -1.0  0   0.00E+00  1 0                          0                      
                                          1      3.378  0.000E+00  0.000E+00  0.000E+00
146   3.413900  -1.0  0   0.00E+00  1 0                          0                      
                                          1      3.414  0.000E+00  0.000E+00  0.000E+00
147   3.427500  -1.0  0   0.00E+00  1 0                          0                      
                                          1      3.428  0.000E+00  0.000E+00  0.000E+00
148   3.442700  -1.0  0   0.00E+00  1 0                          0                      
                                          1      3.443  0.000E+00  0.000E+00  0.000E+00
149   3.460500  -1.0  0   0.00E+00  1 0                          0                      
                                          1      3.461  0.000E+00  0.000E+00  0.000E+00
150   3.476800  -1.0  0   0.00E+00  1 0                          0                      
                                          1      3.477  0.000E+00  0.000E+00  0.000E+00
151   3.492800  -1.0  0   0.00E+00  1 0                          0                      
                                          1      3.493  0.000E+00  0.000E+00  0.000E+00
152   3.495400  -1.0  0   0.00E+00  1 0                          0                      
                                          1      3.495  0.000E+00  0.000E+00  0.000E+00
153   3.509000  -1.0  0   0.00E+00  1 0                          0                      
                                          1      3.509  0.000E+00  0.000E+00  0.000E+00
154   3.535000  -1.0  0   0.00E+00  1 0                          0                      
                                          1      3.535  0.000E+00  0.000E+00  0.000E+00
155   3.552100  -1.0  0   0.00E+00  1 0                          0                      
                                          1      3.552  0.000E+00  0.000E+00  0.000E+00
156   3.594800  -1.0  0   0.00E+00  1 0                          0                      
                                          1      3.595  0.000E+00  0.000E+00  0.000E+00
157   3.636000  -1.0  0   0.00E+00  1 0                          0                      
                                          1      3.636  0.000E+00  0.000E+00  0.000E+00
158   3.664200  -1.0  0   0.00E+00  1 0                          0                      
                                          1      3.664  0.000E+00  0.000E+00  0.000E+00
159   3.677800  -1.0  0   0.00E+00  1 0                          0                      
                                          1      3.678  0.000E+00  0.000E+00  0.000E+00
160   3.692500  -1.0  0   0.00E+00  1 0                          0                      
                                          1      3.692  0.000E+00  0.000E+00  0.000E+00
161   3.723600  -1.0  0   0.00E+00  1 0                          0                      
                                          1      3.724  0.000E+00  0.000E+00  0.000E+00
162   3.736500  -1.0  0   0.00E+00  1 0                          0                      
                                          1      3.736  0.000E+00  0.000E+00  0.000E+00
163   3.747600  -1.0  0   0.00E+00  1 0                          0                      
                                          1      3.748  0.000E+00  0.000E+00  0.000E+00
164   3.783500  -1.0  0   0.00E+00  1 0                          0                      
                                          1      3.783  0.000E+00  0.000E+00  0.000E+00
165   3.810800  -1.0  0   0.00E+00  1 0                          0                      
                                          1      3.811  0.000E+00  0.000E+00  0.000E+00
166   3.822600  -1.0  0   0.00E+00  1 0                          0                      
                                          1      3.823  0.000E+00  0.000E+00  0.000E+00
167   3.865300  -1.0  0   0.00E+00  1 0                          0                      
                                          1      3.865  0.000E+00  0.000E+00  0.000E+00
168   3.910000  -1.0  0   0.00E+00  1 0                          0                      
                                          1      3.910  0.000E+00  0.000E+00  0.000E+00
169   3.967900  -1.0  0   0.00E+00  1 0                          0                      
                                          1      3.968  0.000E+00  0.000E+00  0.000E+00
170   3.977600  -1.0  0   0.00E+00  1 0                          0                      
                                          1      3.978  0.000E+00  0.000E+00  0.000E+00
171   4.008800  -1.0  0   0.00E+00  1 0                          0                      
                                          1      4.009  0.000E+00  0.000E+00  0.000E+00
172   4.028900  -1.0  0   0.00E+00  1 0                          0                      
                                          1      4.029  0.000E+00  0.000E+00  0.000E+00
173   4.050800  -1.0  0   0.00E+00  1 0                          0                      
                                          1      4.051  0.000E+00  0.000E+00  0.000E+00
174   4.120500  -1.0  0   0.00E+00  1 0                          0                      
                                          1      4.120  0.000E+00  0.000E+00  0.000E+00
175   4.215200  -1.0  0   0.00E+00  1 0                          0                      
                                          1      4.215  0.000E+00  0.000E+00  0.000E+00
176   4.547300  -1.0  0   0.00E+00  1 0                          0                      
                                          1      4.547  0.000E+00  0.000E+00  0.000E+00
177   4.576600  -1.0  0   0.00E+00  1 0                          0                      
                                          1      4.577  0.000E+00  0.000E+00  0.000E+00
178   4.607200  -1.0  0   0.00E+00  1 0                          0                      
                                          1      4.607  0.000E+00  0.000E+00  0.000E+00
179   4.634600  -1.0  0   0.00E+00  1 0                          0                      
                                          1      4.635  0.000E+00  0.000E+00  0.000E+00
180   8.536040   1.0 -1   0.00E+00103 1                   1-,2-  0                      
                                        179      3.901  1.169E-02  1.169E-02  0.000E+00
                                        178      3.929  1.558E-02  1.558E-02  0.000E+00
                                        177      3.959  1.169E-02  1.169E-02  0.000E+00
                                        176      3.989  1.403E-02  1.403E-02  0.000E+00
                                        175      4.321  1.558E-02  1.558E-02  0.000E+00
                                        174      4.415  1.013E-02  1.013E-02  0.000E+00
                                        173      4.485  1.325E-02  1.325E-02  0.000E+00
                                        172      4.507  6.233E-03  6.233E-03  0.000E+00
                                        171      4.527  2.104E-02  2.104E-02  0.000E+00
                                        170      4.558  1.013E-02  1.013E-02  0.000E+00
                                        169      4.568  1.169E-02  1.169E-02  0.000E+00
                                        168      4.626  7.792E-03  7.792E-03  0.000E+00
                                        167      4.671  1.013E-02  1.013E-02  0.000E+00
                                        166      4.713  8.571E-03  8.571E-03  0.000E+00
                                        165      4.725  1.558E-02  1.558E-02  0.000E+00
                                        164      4.753  8.571E-03  8.571E-03  0.000E+00
                                        163      4.788  5.454E-03  5.454E-03  0.000E+00
                                        162      4.800  6.233E-03  6.233E-03  0.000E+00
                                        161      4.812  7.792E-03  7.792E-03  0.000E+00
                                        160      4.843  1.091E-02  1.091E-02  0.000E+00
                                        159      4.858  1.013E-02  1.013E-02  0.000E+00
                                        158      4.872  7.013E-03  7.013E-03  0.000E+00
                                        157      4.900  1.325E-02  1.325E-02  0.000E+00
                                        156      4.941  1.403E-02  1.403E-02  0.000E+00
                                        155      4.984  1.714E-02  1.714E-02  0.000E+00
                                        154      5.001  1.013E-02  1.013E-02  0.000E+00
                                        153      5.027  5.454E-03  5.454E-03  0.000E+00
                                        152      5.040  4.519E-03  4.519E-03  0.000E+00
                                        150      5.059  1.013E-02  1.013E-02  0.000E+00
                                        149      5.075  4.597E-03  4.597E-03  0.000E+00
                                        148      5.093  1.403E-02  1.403E-02  0.000E+00
                                        147      5.108  1.091E-02  1.091E-02  0.000E+00
                                        146      5.122  0.000E+00  0.000E+00  0.000E+00
                                        145      5.158  1.169E-02  1.169E-02  0.000E+00
                                        144      5.168  1.636E-02  1.636E-02  0.000E+00
                                        143      5.178  1.169E-02  1.169E-02  0.000E+00
                                        142      5.196  4.987E-03  4.987E-03  0.000E+00
                                        141      5.239  4.052E-03  4.052E-03  0.000E+00
                                        140      5.251  5.065E-03  5.065E-03  0.000E+00
                                        139      5.261  6.233E-03  6.233E-03  0.000E+00
                                        138      5.269  8.571E-03  8.571E-03  0.000E+00
                                        137      5.307  8.571E-03  8.571E-03  0.000E+00
                                        136      5.329  7.013E-03  7.013E-03  0.000E+00
                                        135      5.346  1.714E-02  1.714E-02  0.000E+00
                                        134      5.354  1.169E-02  1.169E-02  0.000E+00
                                        133      5.371  4.675E-03  4.675E-03  0.000E+00
                                        131      5.394  2.805E-03  2.805E-03  0.000E+00
                                        129      5.419  3.662E-03  3.662E-03  0.000E+00
                                        127      5.430  1.013E-02  1.013E-02  0.000E+00
                                        126      5.486  1.091E-02  1.091E-02  0.000E+00
                                        125      5.503  6.000E-03  6.000E-03  0.000E+00
                                        124      5.511  5.065E-03  5.065E-03  0.000E+00
                                        123      5.529  5.844E-03  5.844E-03  0.000E+00
                                        121      5.548  9.350E-03  9.350E-03  0.000E+00
                                        119      5.574  7.792E-03  7.792E-03  0.000E+00
                                        118      5.589  1.870E-02  1.870E-02  0.000E+00
                                        117      5.607  4.675E-03  4.675E-03  0.000E+00
                                        116      5.625  6.233E-03  6.233E-03  0.000E+00
                                        115      5.648  7.013E-03  7.013E-03  0.000E+00
                                        114      5.662  2.260E-02  2.260E-02  0.000E+00
                                        113      5.685  5.610E-03  5.610E-03  0.000E+00
                                        112      5.696  2.104E-02  2.104E-02  0.000E+00
                                        111      5.705  1.247E-02  1.247E-02  0.000E+00
                                        110      5.718  2.805E-03  2.805E-03  0.000E+00
                                        109      5.750  3.506E-03  3.506E-03  0.000E+00
                                        108      5.774  9.350E-03  9.350E-03  0.000E+00
                                        107      5.787  1.792E-02  1.792E-02  0.000E+00
                                        104      5.817  3.896E-03  3.896E-03  0.000E+00
                                        103      5.835  5.143E-03  5.143E-03  0.000E+00
                                        102      5.884  2.182E-02  2.182E-02  0.000E+00
                                        100      5.921  3.273E-03  3.273E-03  0.000E+00
                                         98      5.941  1.714E-03  1.714E-03  0.000E+00
                                         94      6.018  2.026E-03  2.026E-03  0.000E+00
                                         92      6.034  3.195E-02  3.195E-02  0.000E+00
                                         91      6.059  2.260E-03  2.260E-03  0.000E+00
                                         90      6.075  2.727E-03  2.727E-03  0.000E+00
                                         89      6.083  1.013E-02  1.013E-02  0.000E+00
                                         88      6.090  1.013E-02  1.013E-02  0.000E+00
                                         87      6.099  1.013E-02  1.013E-02  0.000E+00
                                         86      6.108  7.013E-03  7.013E-03  0.000E+00
                                         85      6.120  1.091E-02  1.091E-02  0.000E+00
                                         84      6.132  4.285E-03  4.285E-03  0.000E+00
                                         83      6.153  3.273E-03  3.273E-03  0.000E+00
                                         81      6.173  1.169E-03  1.169E-03  0.000E+00
                                         80      6.193  1.636E-03  1.636E-03  0.000E+00
                                         79      6.208  1.325E-03  1.325E-03  0.000E+00
                                         77      6.218  7.792E-04  7.792E-04  0.000E+00
                                         76      6.234  1.091E-02  1.091E-02  0.000E+00
                                         75      6.263  1.792E-03  1.792E-03  0.000E+00
                                         73      6.279  5.221E-03  5.221E-03  0.000E+00
                                         72      6.296  1.636E-03  1.636E-03  0.000E+00
                                         71      6.307  3.818E-03  3.818E-03  0.000E+00
                                         70      6.319  1.480E-02  1.480E-02  0.000E+00
                                         67      6.346  4.052E-02  4.052E-02  0.000E+00
                                         61      6.429  4.519E-02  4.519E-02  0.000E+00
                                         58      6.466  1.403E-02  1.403E-02  0.000E+00
                                         55      6.482  3.818E-02  3.818E-02  0.000E+00
                                         52      6.509  1.325E-03  1.325E-03  0.000E+00
                                         50      6.532  3.195E-03  3.195E-03  0.000E+00
                                         49      6.544  1.403E-03  1.403E-03  0.000E+00
                                         45      6.574  3.350E-03  3.350E-03  0.000E+00
                                         39      6.620  5.766E-03  5.766E-03  0.000E+00
                                         29      6.765  1.870E-02  1.870E-02  0.000E+00
