153Gd  153   64  105  506   95   17    6.246958    7.283415
  1   0.000000   1.5 -1  -1.00E+00  0 0                    3/2-  0                      
  2   0.041557   2.5 -1   0.00E+00  1 0                    5/2-  0                      
                                          1      0.042  1.000E+00  1.000E+00  0.000E+00
  3   0.093343   3.5 -1   0.00E+00  2 0                    7/2-  0                      
                                          2      0.052  7.975E-01  7.975E-01  0.000E+00
                                          1      0.093  2.025E-01  2.025E-01  0.000E+00
  4   0.095174   4.5  1   0.00E+00  1 0                    9/2+  0                      
                                          3      0.002  0.000E+00  0.000E+00  0.000E+00
  5   0.109756   2.5 -1   0.00E+00  3 0                    5/2-  0                      
                                          3      0.016  1.065E-03  1.065E-03  0.000E+00
                                          2      0.068  5.112E-02  5.112E-02  0.000E+00
                                          1      0.110  9.478E-01  9.478E-01  0.000E+00
  6   0.129164   1.5 -1   0.00E+00  4 0                    3/2-  0                      
                                          5      0.019  0.000E+00  0.000E+00  0.000E+00
                                          3      0.036  0.000E+00  0.000E+00  0.000E+00
                                          2      0.088  7.051E-01  7.051E-01  0.000E+00
                                          1      0.129  2.949E-01  2.949E-01  0.000E+00
  7   0.171188   5.5 -1   0.00E+00  2 0                   11/2-  0                      
                                          4      0.076  9.036E-01  9.036E-01  0.000E+00
                                          3      0.078  9.639E-02  9.639E-02  0.000E+00
  8   0.183470   2.5  1   0.00E+00  5 0                    5/2+  0                      
                                          6      0.054  3.754E-02  3.754E-02  0.000E+00
                                          4      0.088  1.726E-01  1.726E-01  0.000E+00
                                          3      0.090  1.214E-01  1.214E-01  0.000E+00
                                          2      0.142  3.774E-01  3.774E-01  0.000E+00
                                          1      0.183  2.910E-01  2.910E-01  0.000E+00
  9   0.212008   1.5  1   0.00E+00  4 0                    3/2+  0                      
                                          6      0.083  1.594E-01  1.594E-01  0.000E+00
                                          5      0.102  1.362E-01  1.362E-01  0.000E+00
                                          2      0.170  1.315E-01  1.315E-01  0.000E+00
                                          1      0.212  5.729E-01  5.729E-01  0.000E+00
 10   0.215993   3.5 -1   0.00E+00  5 0                    7/2-  0                      
                                          6      0.087  5.511E-03  5.511E-03  0.000E+00
                                          5      0.106  3.156E-02  3.156E-02  0.000E+00
                                          3      0.123  1.057E-02  1.057E-02  0.000E+00
                                          2      0.174  8.817E-01  8.817E-01  0.000E+00
                                          1      0.216  7.064E-02  7.064E-02  0.000E+00
 11   0.219443   4.5 -1   0.00E+00  2 0                    9/2-  0                      
                                          3      0.126  8.654E-01  8.654E-01  0.000E+00
                                          2      0.178  1.346E-01  1.346E-01  0.000E+00
 12   0.249554   2.5 -1   0.00E+00  5 0                    5/2-  0                      
                                          6      0.120  3.727E-03  3.727E-03  0.000E+00
                                          5      0.140  5.658E-02  5.658E-02  0.000E+00
                                          3      0.156  3.116E-03  3.116E-03  0.000E+00
                                          2      0.208  1.873E-01  1.873E-01  0.000E+00
                                          1      0.250  7.493E-01  7.493E-01  0.000E+00
 13   0.290360   3.5  1   0.00E+00  5 0                    7/2+  0                      
                                          8      0.107  4.878E-02  4.878E-02  0.000E+00
                                          4      0.195  6.254E-01  6.254E-01  0.000E+00
                                          3      0.197  6.629E-02  6.629E-02  0.000E+00
                                          2      0.249  2.460E-01  2.460E-01  0.000E+00
                                          1      0.290  1.355E-02  1.355E-02  0.000E+00
 14   0.303543   2.5  1   0.00E+00  8 0                    5/2+  0                      
                                         10      0.088  3.590E-02  3.590E-02  0.000E+00
                                          9      0.092  6.571E-02  6.571E-02  0.000E+00
                                          8      0.120  5.737E-03  5.737E-03  0.000E+00
                                          6      0.174  2.340E-01  2.340E-01  0.000E+00
                                          5      0.194  9.135E-02  9.135E-02  0.000E+00
                                          3      0.210  2.180E-01  2.180E-01  0.000E+00
                                          2      0.262  1.506E-01  1.506E-01  0.000E+00
                                          1      0.304  1.987E-01  1.987E-01  0.000E+00
 15   0.315199   0.5 -1   0.00E+00  4 0                    1/2-  0                      
                                          6      0.186  8.055E-02  8.055E-02  0.000E+00
                                          5      0.205  1.803E-02  1.803E-02  0.000E+00
                                          2      0.274  3.836E-02  3.836E-02  0.000E+00
                                          1      0.315  8.631E-01  8.631E-01  0.000E+00
 16   0.316027   1.5  1   0.00E+00  5 0                    3/2+  0                      
                                          8      0.133  1.477E-01  1.477E-01  0.000E+00
                                          6      0.187  1.625E-01  1.625E-01  0.000E+00
                                          5      0.206  1.920E-01  1.920E-01  0.000E+00
                                          2      0.274  6.705E-02  6.705E-02  0.000E+00
                                          1      0.316  4.307E-01  4.307E-01  0.000E+00
 17   0.327853   0.5  1   0.00E+00  3 0                    1/2+  0                      
                                          8      0.144  3.971E-02  3.971E-02  0.000E+00
                                          6      0.199  2.563E-01  2.563E-01  0.000E+00
                                          1      0.328  7.040E-01  7.040E-01  0.000E+00
 18   0.333168   3.5 -1   0.00E+00  3 1              (7/2,9/2)-  0                      
                                         11      0.114  4.583E-02  4.583E-02  0.000E+00
                                          3      0.240  5.242E-01  5.242E-01  0.000E+00
                                          2      0.292  4.300E-01  4.300E-01  0.000E+00
 19   0.336300   0.5  1   0.00E+00  0 1              (1/2,3/2)+  0                      
 20   0.361651   1.5 -1   0.00E+00  7 0                    3/2-  0                      
                                         12      0.112  1.339E-02  1.339E-02  0.000E+00
                                          8      0.178  1.856E-01  1.856E-01  0.000E+00
                                          6      0.232  1.071E-02  1.071E-02  0.000E+00
                                          5      0.252  3.766E-03  3.766E-03  0.000E+00
                                          3      0.268  1.714E-02  1.714E-02  0.000E+00
                                          2      0.320  4.391E-01  4.391E-01  0.000E+00
                                          1      0.362  3.302E-01  3.302E-01  0.000E+00
 21   0.363448   6.5 -1   0.00E+00  1 0                   13/2-  0                      
                                          7      0.192  1.000E+00  1.000E+00  0.000E+00
 22   0.368668   2.5 -1   0.00E+00  9 1              (5/2,7/2)-  0                      
                                         12      0.119  1.442E-02  1.442E-02  0.000E+00
                                         11      0.149  8.430E-03  8.430E-03  0.000E+00
                                         10      0.153  2.167E-02  2.167E-02  0.000E+00
                                          8      0.185  5.990E-03  5.990E-03  0.000E+00
                                          6      0.240  3.402E-02  3.402E-02  0.000E+00
                                          4      0.273  5.398E-02  5.398E-02  0.000E+00
                                          3      0.275  3.801E-01  3.801E-01  0.000E+00
                                          2      0.327  3.261E-01  3.261E-01  0.000E+00
                                          1      0.369  1.553E-01  1.553E-01  0.000E+00
 23   0.395146   2.5  1   0.00E+00  8 1              (5/2,7/2)+  0                      
                                         14      0.092  4.449E-02  4.449E-02  0.000E+00
                                         12      0.146  5.685E-02  5.685E-02  0.000E+00
                                         11      0.176  7.439E-02  7.439E-02  0.000E+00
                                          9      0.183  1.063E-01  1.063E-01  0.000E+00
                                          5      0.285  2.657E-01  2.657E-01  0.000E+00
                                          4      0.300  3.831E-02  3.831E-02  0.000E+00
                                          3      0.302  1.050E-01  1.050E-01  0.000E+00
                                          2      0.354  3.089E-01  3.089E-01  0.000E+00
 24   0.412895   1.5  1   0.00E+00  8 0                    3/2+  0                      
                                         17      0.085  2.784E-02  2.784E-02  0.000E+00
                                         16      0.097  1.169E-02  1.169E-02  0.000E+00
                                         15      0.098  9.625E-03  9.625E-03  0.000E+00
                                          9      0.201  1.719E-02  1.719E-02  0.000E+00
                                          8      0.229  1.100E-01  1.100E-01  0.000E+00
                                          6      0.284  6.050E-02  6.050E-02  0.000E+00
                                          5      0.303  2.269E-01  2.269E-01  0.000E+00
                                          2      0.371  5.363E-01  5.363E-01  0.000E+00
 25   0.436271   0.5 -1   0.00E+00  6 0                    1/2-  0                      
                                         16      0.120  3.971E-03  3.971E-03  0.000E+00
                                         15      0.121  3.360E-03  3.360E-03  0.000E+00
                                          9      0.224  7.025E-03  7.025E-03  0.000E+00
                                          5      0.327  1.741E-02  1.741E-02  0.000E+00
                                          2      0.395  6.109E-03  6.109E-03  0.000E+00
                                          1      0.436  9.621E-01  9.621E-01  0.000E+00
 26   0.442192   2.5  1   0.00E+00 14 0                    5/2+  0                      
                                         20      0.081  7.683E-03  7.683E-03  0.000E+00
                                         17      0.114  3.674E-03  3.674E-03  0.000E+00
                                         16      0.126  6.781E-02  6.781E-02  0.000E+00
                                         14      0.139  4.342E-03  4.342E-03  0.000E+00
                                         13      0.152  1.537E-01  1.537E-01  0.000E+00
                                         12      0.193  8.150E-03  8.150E-03  0.000E+00
                                         10      0.226  2.238E-02  2.238E-02  0.000E+00
                                          9      0.230  1.413E-02  1.413E-02  0.000E+00
                                          8      0.259  6.146E-02  6.146E-02  0.000E+00
                                          6      0.313  3.340E-03  3.340E-03  0.000E+00
                                          5      0.332  1.066E-01  1.066E-01  0.000E+00
                                          3      0.349  8.418E-02  8.418E-02  0.000E+00
                                          2      0.401  2.004E-01  2.004E-01  0.000E+00
                                          1      0.442  2.622E-01  2.622E-01  0.000E+00
 27   0.448520   2.5 -1   0.00E+00  9 0                    5/2-  0                      
                                         15      0.133  5.298E-03  5.298E-03  0.000E+00
                                         13      0.158  1.125E-02  1.125E-02  0.000E+00
                                         12      0.199  1.997E-02  1.997E-02  0.000E+00
                                          8      0.265  2.119E-02  2.119E-02  0.000E+00
                                          6      0.319  5.624E-02  5.624E-02  0.000E+00
                                          5      0.339  2.038E-02  2.038E-02  0.000E+00
                                          3      0.355  3.746E-01  3.746E-01  0.000E+00
                                          2      0.407  1.671E-01  1.671E-01  0.000E+00
                                          1      0.449  3.240E-01  3.240E-01  0.000E+00
 28   0.482936   0.5  1   0.00E+00  8 0                    1/2+  0                      
                                         20      0.121  4.570E-02  4.570E-02  0.000E+00
                                         17      0.155  2.373E-03  2.373E-03  0.000E+00
                                         16      0.167  3.955E-01  3.955E-01  0.000E+00
                                         15      0.168  3.721E-02  3.721E-02  0.000E+00
                                          9      0.271  4.775E-03  4.775E-03  0.000E+00
                                          8      0.299  1.840E-01  1.840E-01  0.000E+00
                                          6      0.354  2.109E-01  2.109E-01  0.000E+00
                                          1      0.483  1.195E-01  1.195E-01  0.000E+00
 29   0.504172   2.5  1   0.00E+00 10 0                    5/2+  0                      
                                         24      0.091  8.555E-02  8.555E-02  0.000E+00
                                         22      0.136  1.033E-02  1.033E-02  0.000E+00
                                         16      0.188  6.210E-02  6.210E-02  0.000E+00
                                         14      0.201  2.579E-02  2.579E-02  0.000E+00
                                         13      0.214  2.155E-01  2.155E-01  0.000E+00
                                          9      0.292  1.762E-01  1.762E-01  0.000E+00
                                          8      0.321  1.248E-01  1.248E-01  0.000E+00
                                          5      0.394  7.731E-02  7.731E-02  0.000E+00
                                          3      0.411  1.039E-01  1.039E-01  0.000E+00
                                          1      0.504  1.185E-01  1.185E-01  0.000E+00
 30   0.508659   1.5 -1   0.00E+00  5 0                    3/2-  0                      
                                         20      0.147  8.341E-03  8.341E-03  0.000E+00
                                          8      0.325  1.147E-01  1.147E-01  0.000E+00
                                          6      0.379  1.609E-02  1.609E-02  0.000E+00
                                          2      0.467  6.345E-01  6.345E-01  0.000E+00
                                          1      0.509  2.264E-01  2.264E-01  0.000E+00
 31   0.530461   1.5 -1   0.00E+00  9 0                    3/2-  0                      
                                         20      0.169  4.226E-03  4.226E-03  0.000E+00
                                         17      0.203  4.819E-03  4.819E-03  0.000E+00
                                         16      0.214  9.637E-03  9.637E-03  0.000E+00
                                         15      0.215  4.226E-03  4.226E-03  0.000E+00
                                         12      0.281  5.301E-02  5.301E-02  0.000E+00
                                          5      0.421  8.377E-02  8.377E-02  0.000E+00
                                          4      0.435  1.371E-02  1.371E-02  0.000E+00
                                          2      0.489  2.706E-01  2.706E-01  0.000E+00
                                          1      0.530  5.560E-01  5.560E-01  0.000E+00
 32   0.548765   2.5 -1   0.00E+00 10 0                    5/2-  0                      
                                         16      0.233  7.618E-03  7.618E-03  0.000E+00
                                         15      0.234  6.783E-03  6.783E-03  0.000E+00
                                         13      0.258  4.748E-02  4.748E-02  0.000E+00
                                         12      0.299  4.070E-02  4.070E-02  0.000E+00
                                         10      0.333  1.101E-01  1.101E-01  0.000E+00
                                          8      0.365  1.617E-02  1.617E-02  0.000E+00
                                          5      0.439  2.817E-02  2.817E-02  0.000E+00
                                          3      0.455  5.301E-01  5.301E-01  0.000E+00
                                          2      0.507  1.779E-01  1.779E-01  0.000E+00
                                          1      0.549  3.496E-02  3.496E-02  0.000E+00
 33   0.551093   2.5 -1   0.00E+00  1 0                  (5/2-)  0                      
                                         10      0.335  1.000E+00  1.000E+00  0.000E+00
 34   0.579126   2.5 -1   0.00E+00  6 1              (5/2,7/2)-  0                      
                                         26      0.137  1.149E-02  1.149E-02  0.000E+00
                                          8      0.396  1.432E-01  1.432E-01  0.000E+00
                                          5      0.469  3.971E-02  3.971E-02  0.000E+00
                                          4      0.484  7.105E-01  7.105E-01  0.000E+00
                                          3      0.486  3.687E-02  3.687E-02  0.000E+00
                                          2      0.538  5.815E-02  5.815E-02  0.000E+00
 35   0.607202   2.5 -1   0.00E+00  6 0                    5/2-  0                      
                                         26      0.165  8.733E-03  8.733E-03  0.000E+00
                                         12      0.358  7.814E-02  7.814E-02  0.000E+00
                                         11      0.388  2.375E-02  2.375E-02  0.000E+00
                                          3      0.514  4.144E-01  4.144E-01  0.000E+00
                                          2      0.566  3.217E-01  3.217E-01  0.000E+00
                                          1      0.607  1.532E-01  1.532E-01  0.000E+00
 36   0.636314   2.5 -1   0.00E+00  4 1              (5/2,7/2)-  0                      
                                         14      0.333  5.797E-01  5.797E-01  0.000E+00
                                         10      0.420  8.516E-02  8.516E-02  0.000E+00
                                          5      0.527  1.016E-01  1.016E-01  0.000E+00
                                          1      0.636  2.335E-01  2.335E-01  0.000E+00
 37   0.636449   3.5  1   0.00E+00  6 0                    7/2+  0                      
                                         24      0.224  1.899E-01  1.899E-01  0.000E+00
                                         22      0.268  3.768E-02  3.768E-02  0.000E+00
                                         14      0.333  1.959E-01  1.959E-01  0.000E+00
                                         11      0.417  1.733E-01  1.733E-01  0.000E+00
                                          5      0.527  1.394E-01  1.394E-01  0.000E+00
                                          4      0.541  2.638E-01  2.638E-01  0.000E+00
 38   0.649020   3.5  1   0.00E+00  5 1              (7/2,9/2)+  0                      
                                         10      0.433  1.469E-01  1.469E-01  0.000E+00
                                          7      0.478  9.040E-02  9.040E-02  0.000E+00
                                          4      0.554  1.356E-01  1.356E-01  0.000E+00
                                          3      0.556  2.486E-01  2.486E-01  0.000E+00
                                          1      0.649  3.785E-01  3.785E-01  0.000E+00
 39   0.664326   0.5 -1   0.00E+00  8 1              (1/2,3/2)-  0                      
                                         31      0.134  6.505E-03  6.505E-03  0.000E+00
                                         30      0.156  4.622E-03  4.622E-03  0.000E+00
                                         28      0.181  3.595E-02  3.595E-02  0.000E+00
                                         25      0.228  7.418E-03  7.418E-03  0.000E+00
                                         20      0.303  2.282E-01  2.282E-01  0.000E+00
                                         16      0.348  5.078E-02  5.078E-02  0.000E+00
                                          2      0.623  2.967E-02  2.967E-02  0.000E+00
                                          1      0.664  6.368E-01  6.368E-01  0.000E+00
 40   0.676725   0.5  1   0.00E+00  2 1              (1/2,3/2)+  0                      
                                         20      0.315  9.715E-01  9.715E-01  0.000E+00
                                         16      0.361  2.850E-02  2.850E-02  0.000E+00
 41   0.683957   0.5 -1   0.00E+00  8 1              (1/2,3/2)-  0                      
                                         32      0.135  4.857E-03  4.857E-03  0.000E+00
                                         29      0.180  1.169E-02  1.169E-02  0.000E+00
                                         28      0.201  2.219E-02  2.219E-02  0.000E+00
                                         27      0.235  1.859E-02  1.859E-02  0.000E+00
                                         26      0.242  2.159E-02  2.159E-02  0.000E+00
                                          8      0.500  8.335E-01  8.335E-01  0.000E+00
                                          5      0.574  3.598E-02  3.598E-02  0.000E+00
                                          1      0.684  5.157E-02  5.157E-02  0.000E+00
 42   0.708965   1.5  1   0.00E+00 11 0                    3/2+  0                      
                                         29      0.205  1.603E-02  1.603E-02  0.000E+00
                                         28      0.226  5.542E-02  5.542E-02  0.000E+00
                                         27      0.260  9.749E-03  9.749E-03  0.000E+00
                                         26      0.267  1.402E-01  1.402E-01  0.000E+00
                                         25      0.273  3.072E-02  3.072E-02  0.000E+00
                                         16      0.393  1.075E-01  1.075E-01  0.000E+00
                                         15      0.394  4.140E-02  4.140E-02  0.000E+00
                                         14      0.405  5.342E-02  5.342E-02  0.000E+00
                                         12      0.459  4.140E-02  4.140E-02  0.000E+00
                                          6      0.580  3.706E-01  3.706E-01  0.000E+00
                                          5      0.599  1.335E-01  1.335E-01  0.000E+00
 43   0.715808   4.5 -1   0.00E+00  3 1        (9/2,11/2,13/2)-  0                      
                                         38      0.067  2.000E-01  2.000E-01  0.000E+00
                                         27      0.267  2.750E-01  2.750E-01  0.000E+00
                                         18      0.383  5.250E-01  5.250E-01  0.000E+00
 44   0.720347   2.5 -1   0.00E+00 11 1              (5/2,7/2)-  0                      
                                         34      0.141  1.451E-02  1.451E-02  0.000E+00
                                         32      0.172  1.068E-02  1.068E-02  0.000E+00
                                         27      0.272  6.859E-02  6.859E-02  0.000E+00
                                         26      0.278  1.451E-02  1.451E-02  0.000E+00
                                         22      0.352  5.144E-02  5.144E-02  0.000E+00
                                         10      0.504  1.688E-01  1.688E-01  0.000E+00
                                          8      0.537  3.825E-02  3.825E-02  0.000E+00
                                          6      0.591  1.134E-01  1.134E-01  0.000E+00
                                          5      0.611  1.227E-01  1.227E-01  0.000E+00
                                          2      0.679  3.456E-01  3.456E-01  0.000E+00
                                          1      0.720  5.144E-02  5.144E-02  0.000E+00
 45   0.727806   2.5 -1   0.00E+00  4 0                  (5/2-)  0                      
                                         31      0.197  1.035E-01  1.035E-01  0.000E+00
                                         15      0.413  4.348E-01  4.348E-01  0.000E+00
                                          3      0.634  1.491E-01  1.491E-01  0.000E+00
                                          1      0.728  3.126E-01  3.126E-01  0.000E+00
 46   0.729207   0.5 -1   0.00E+00 10 1             (1/2-,3/2-)  0                      
                                         29      0.225  1.645E-02  1.645E-02  0.000E+00
                                         28      0.246  3.586E-02  3.586E-02  0.000E+00
                                         27      0.281  5.458E-02  5.458E-02  0.000E+00
                                         25      0.293  1.520E-02  1.520E-02  0.000E+00
                                         20      0.368  6.471E-02  6.471E-02  0.000E+00
                                         16      0.413  2.698E-01  2.698E-01  0.000E+00
                                         12      0.480  1.357E-01  1.357E-01  0.000E+00
                                          9      0.517  3.898E-02  3.898E-02  0.000E+00
                                          6      0.600  1.746E-01  1.746E-01  0.000E+00
                                          1      0.729  1.941E-01  1.941E-01  0.000E+00
 47   0.731626   3.5  1   0.00E+00  5 0                    7/2+  0                      
                                         22      0.363  6.796E-02  6.796E-02  0.000E+00
                                         12      0.482  1.214E-01  1.214E-01  0.000E+00
                                          8      0.548  2.913E-01  2.913E-01  0.000E+00
                                          3      0.638  8.981E-02  8.981E-02  0.000E+00
                                          2      0.690  4.296E-01  4.296E-01  0.000E+00
 48   0.754400   0.5  1   0.00E+00  0 1              (1/2,3/2)+  0                      
 49   0.769055   2.5 -1   0.00E+00  2 1              (5/2,7/2)-  0                      
                                         31      0.239  5.816E-01  5.816E-01  0.000E+00
                                         11      0.550  4.184E-01  4.184E-01  0.000E+00
 50   0.775159   2.5 -1   0.00E+00  4 1             (5/2-,7/2-)  0                      
                                         22      0.406  2.774E-02  2.774E-02  0.000E+00
                                         12      0.526  4.505E-01  4.505E-01  0.000E+00
                                          2      0.734  2.946E-01  2.946E-01  0.000E+00
                                          1      0.775  2.272E-01  2.272E-01  0.000E+00
 51   0.782674   1.5  1   0.00E+00 11 0                    3/2+  0                      
                                         39      0.118  1.834E-02  1.834E-02  0.000E+00
                                         32      0.234  6.260E-02  6.260E-02  0.000E+00
                                         29      0.279  7.303E-02  7.303E-02  0.000E+00
                                         28      0.300  7.019E-02  7.019E-02  0.000E+00
                                         27      0.334  3.731E-02  3.731E-02  0.000E+00
                                         26      0.340  2.131E-01  2.131E-01  0.000E+00
                                         17      0.455  2.909E-02  2.909E-02  0.000E+00
                                         16      0.467  1.416E-01  1.416E-01  0.000E+00
                                         15      0.467  1.416E-01  1.416E-01  0.000E+00
                                         12      0.533  8.663E-02  8.663E-02  0.000E+00
                                          8      0.599  1.265E-01  1.265E-01  0.000E+00
 52   0.791017   0.5  1   0.00E+00  2 1              (1/2,3/2)+  0                      
                                         44      0.071  6.231E-01  6.231E-01  0.000E+00
                                          2      0.749  3.769E-01  3.769E-01  0.000E+00
 53   0.812644   2.5 -1   0.00E+00  3 1             (5/2-,7/2-)  0                      
                                         31      0.282  1.224E-01  1.224E-01  0.000E+00
                                         16      0.497  5.102E-01  5.102E-01  0.000E+00
                                         11      0.593  3.673E-01  3.673E-01  0.000E+00
 54   0.821311   2.5  1   0.00E+00  7 0                    5/2+  0                      
                                         28      0.338  6.489E-02  6.489E-02  0.000E+00
                                         12      0.572  1.183E-01  1.183E-01  0.000E+00
                                         10      0.605  8.397E-02  8.397E-02  0.000E+00
                                          9      0.609  8.969E-02  8.969E-02  0.000E+00
                                          5      0.712  2.977E-01  2.977E-01  0.000E+00
                                          3      0.728  1.527E-01  1.527E-01  0.000E+00
                                          2      0.780  1.927E-01  1.927E-01  0.000E+00
 55   0.847827   2.5 -1   0.00E+00  5 1              (5/2,7/2)-  0                      
                                         22      0.479  6.057E-02  6.057E-02  0.000E+00
                                         13      0.557  6.278E-01  6.278E-01  0.000E+00
                                         12      0.598  1.685E-01  1.685E-01  0.000E+00
                                          6      0.719  1.035E-01  1.035E-01  0.000E+00
                                          5      0.738  3.965E-02  3.965E-02  0.000E+00
 56   0.857587   1.5 -1   0.00E+00  4 0                    3/2-  0                      
                                         27      0.409  5.235E-02  5.235E-02  0.000E+00
                                         25      0.421  2.484E-02  2.484E-02  0.000E+00
                                          2      0.816  4.348E-01  4.348E-01  0.000E+00
                                          1      0.858  4.880E-01  4.880E-01  0.000E+00
 57   0.865609   1.5  1   0.00E+00  6 0                    3/2+  0                      
                                         42      0.157  6.852E-03  6.852E-03  0.000E+00
                                         28      0.383  1.776E-02  1.776E-02  0.000E+00
                                         26      0.423  3.468E-02  3.468E-02  0.000E+00
                                          6      0.736  2.216E-01  2.216E-01  0.000E+00
                                          5      0.756  3.130E-01  3.130E-01  0.000E+00
                                          1      0.866  4.061E-01  4.061E-01  0.000E+00
 58   0.885910   0.5 -1   0.00E+00  2 1              (1/2,3/2)-  0                      
                                          2      0.844  1.604E-01  1.604E-01  0.000E+00
                                          1      0.886  8.396E-01  8.396E-01  0.000E+00
 59   0.894616   0.5  1   0.00E+00  2 1              (1/2,3/2)+  0                      
                                         51      0.112  8.904E-01  8.904E-01  0.000E+00
                                         24      0.482  1.096E-01  1.096E-01  0.000E+00
 60   0.903510   2.5  1   0.00E+00  4 0                    5/2+  0                      
                                         45      0.176  1.320E-01  1.320E-01  0.000E+00
                                          3      0.810  1.074E-01  1.074E-01  0.000E+00
                                          2      0.862  2.345E-01  2.345E-01  0.000E+00
                                          1      0.904  5.261E-01  5.261E-01  0.000E+00
 61   0.932191   2.5 -1   0.00E+00  7 0                    5/2-  0                      
                                         33      0.381  5.455E-02  5.455E-02  0.000E+00
                                         25      0.496  1.133E-01  1.133E-01  0.000E+00
                                         20      0.571  1.497E-01  1.497E-01  0.000E+00
                                         18      0.599  2.252E-01  2.252E-01  0.000E+00
                                         12      0.683  7.273E-02  7.273E-02  0.000E+00
                                          9      0.720  5.455E-02  5.455E-02  0.000E+00
                                          1      0.932  3.301E-01  3.301E-01  0.000E+00
 62   0.937373   3.5  1   0.00E+00  4 0                    7/2+  0                      
                                         51      0.155  1.786E-02  1.786E-02  0.000E+00
                                         10      0.721  1.088E-01  1.088E-01  0.000E+00
                                          5      0.828  1.347E-01  1.347E-01  0.000E+00
                                          1      0.937  7.386E-01  7.386E-01  0.000E+00
 63   0.945280   1.5  1   0.00E+00  9 0                    3/2+  0                      
                                         45      0.217  4.833E-03  4.833E-03  0.000E+00
                                         27      0.497  5.966E-02  5.966E-02  0.000E+00
                                         26      0.503  6.623E-02  6.623E-02  0.000E+00
                                         17      0.617  3.520E-02  3.520E-02  0.000E+00
                                         16      0.629  3.580E-02  3.580E-02  0.000E+00
                                         15      0.630  4.952E-02  4.952E-02  0.000E+00
                                          8      0.762  3.102E-01  3.102E-01  0.000E+00
                                          5      0.836  2.506E-01  2.506E-01  0.000E+00
                                          1      0.945  1.879E-01  1.879E-01  0.000E+00
 64   0.955448   2.5  1   0.00E+00  4 0                    5/2+  0                      
                                         11      0.736  6.100E-02  6.100E-02  0.000E+00
                                         10      0.739  4.466E-01  4.466E-01  0.000E+00
                                          8      0.772  3.399E-01  3.399E-01  0.000E+00
                                          6      0.826  1.525E-01  1.525E-01  0.000E+00
 65   0.962034   0.5 -1   0.00E+00  6 1              (1/2,3/2)-  0                      
                                         31      0.432  1.693E-01  1.693E-01  0.000E+00
                                         30      0.453  1.295E-01  1.295E-01  0.000E+00
                                         16      0.646  1.693E-01  1.693E-01  0.000E+00
                                         15      0.647  1.753E-01  1.753E-01  0.000E+00
                                         12      0.712  5.777E-02  5.777E-02  0.000E+00
                                          6      0.833  2.988E-01  2.988E-01  0.000E+00
 66   0.990141   1.5  1   0.00E+00  5 0                  3/2(+)  0                      
                                         27      0.542  1.041E-01  1.041E-01  0.000E+00
                                         22      0.621  5.513E-02  5.513E-02  0.000E+00
                                         12      0.741  1.639E-01  1.639E-01  0.000E+00
                                          9      0.778  1.164E-01  1.164E-01  0.000E+00
                                          6      0.861  5.605E-01  5.605E-01  0.000E+00
 67   1.015240   0.5  1   0.00E+00  3 1              (1/2,3/2)+  0                      
                                         31      0.485  1.082E-01  1.082E-01  0.000E+00
                                          9      0.803  2.216E-01  2.216E-01  0.000E+00
                                          1      1.015  6.701E-01  6.701E-01  0.000E+00
 68   1.025500   2.5 -1   0.00E+00  4 0                    5/2-  0                      
                                         53      0.213  5.497E-02  5.497E-02  0.000E+00
                                         51      0.243  2.880E-02  2.880E-02  0.000E+00
                                         31      0.495  3.927E-01  3.927E-01  0.000E+00
                                          2      0.984  5.236E-01  5.236E-01  0.000E+00
 69   1.035193   2.5  1   0.00E+00  2 0                    5/2+  0                      
                                         12      0.786  3.103E-01  3.103E-01  0.000E+00
                                          6      0.906  6.897E-01  6.897E-01  0.000E+00
 70   1.040470   0.5 -1   0.00E+00  3 1              (1/2,3/2)-  0                      
                                         16      0.724  1.224E-01  1.224E-01  0.000E+00
                                          6      0.911  1.783E-01  1.783E-01  0.000E+00
                                          1      1.040  6.993E-01  6.993E-01  0.000E+00
 71   1.054721   0.5 -1   0.00E+00 10 1              (1/2,3/2)-  0                      
                                         32      0.506  9.181E-02  9.181E-02  0.000E+00
                                         31      0.524  2.189E-02  2.189E-02  0.000E+00
                                         30      0.546  4.167E-02  4.167E-02  0.000E+00
                                         29      0.551  2.189E-02  2.189E-02  0.000E+00
                                         25      0.619  3.319E-02  3.319E-02  0.000E+00
                                         24      0.642  2.331E-02  2.331E-02  0.000E+00
                                         17      0.727  2.331E-02  2.331E-02  0.000E+00
                                         16      0.739  1.709E-01  1.709E-01  0.000E+00
                                          8      0.871  3.743E-01  3.743E-01  0.000E+00
                                          1      1.055  1.977E-01  1.977E-01  0.000E+00
 72   1.066644   1.5  1   0.00E+00  5 0                    3/2+  0                      
                                         44      0.346  1.843E-01  1.843E-01  0.000E+00
                                         12      0.817  7.328E-02  7.328E-02  0.000E+00
                                          8      0.883  1.293E-01  1.293E-01  0.000E+00
                                          6      0.937  4.903E-01  4.903E-01  0.000E+00
                                          5      0.957  1.228E-01  1.228E-01  0.000E+00
 73   1.101673   1.5  1   0.00E+00  9 0                    3/2+  0                      
                                         54      0.280  2.455E-02  2.455E-02  0.000E+00
                                         32      0.553  1.733E-02  1.733E-02  0.000E+00
                                         25      0.665  1.162E-01  1.162E-01  0.000E+00
                                         16      0.786  8.448E-02  8.448E-02  0.000E+00
                                         12      0.852  7.076E-02  7.076E-02  0.000E+00
                                          8      0.918  6.715E-02  6.715E-02  0.000E+00
                                          5      0.992  1.949E-01  1.949E-01  0.000E+00
                                          2      1.060  3.755E-01  3.755E-01  0.000E+00
                                          1      1.102  4.910E-02  4.910E-02  0.000E+00
 74   1.102771   2.5 -1   0.00E+00  4 1              (5/2,7/2)-  0                      
                                         43      0.387  7.214E-02  7.214E-02  0.000E+00
                                         26      0.661  4.950E-01  4.950E-01  0.000E+00
                                         14      0.799  2.926E-01  2.926E-01  0.000E+00
                                         12      0.854  1.403E-01  1.403E-01  0.000E+00
 75   1.118350   2.5  1   0.00E+00  4 0                    5/2+  0                      
                                         16      0.802  1.768E-01  1.768E-01  0.000E+00
                                         12      0.869  2.155E-01  2.155E-01  0.000E+00
                                         10      0.902  3.591E-01  3.591E-01  0.000E+00
                                          2      1.076  2.486E-01  2.486E-01  0.000E+00
 76   1.124227   0.5 -1   0.00E+00  5 1              (1/2,3/2)-  0                      
                                         46      0.395  1.380E-02  1.380E-02  0.000E+00
                                         20      0.763  1.430E-01  1.430E-01  0.000E+00
                                         14      0.820  1.430E-01  1.430E-01  0.000E+00
                                          3      1.030  1.606E-01  1.606E-01  0.000E+00
                                          1      1.124  5.395E-01  5.395E-01  0.000E+00
 77   1.131706   3.5  1   0.00E+00  5 0                    7/2+  0                      
                                         72      0.065  1.873E-02  1.873E-02  0.000E+00
                                         51      0.349  8.646E-02  8.646E-02  0.000E+00
                                         42      0.423  1.599E-01  1.599E-01  0.000E+00
                                          5      1.022  3.890E-01  3.890E-01  0.000E+00
                                          4      1.036  3.458E-01  3.458E-01  0.000E+00
 78   1.139000   0.5  1   0.00E+00  0 1              (1/2,3/2)+  0                      
 79   1.157430   0.5 -1   0.00E+00  5 1              (1/2,3/2)-  0                      
                                         36      0.521  5.049E-02  5.049E-02  0.000E+00
                                         30      0.649  5.189E-02  5.189E-02  0.000E+00
                                         20      0.796  2.244E-01  2.244E-01  0.000E+00
                                          6      1.028  2.945E-01  2.945E-01  0.000E+00
                                          1      1.157  3.787E-01  3.787E-01  0.000E+00
 80   1.163710   0.5  1   0.00E+00  3 1              (1/2,3/2)+  0                      
                                         22      0.795  1.914E-01  1.914E-01  0.000E+00
                                          8      0.980  1.627E-01  1.627E-01  0.000E+00
                                          5      1.053  6.459E-01  6.459E-01  0.000E+00
 81   1.172634   0.5  0   0.00E+00  4 1               (1/2,3/2)  0                      
                                         73      0.071  4.255E-01  4.255E-01  0.000E+00
                                         63      0.227  1.975E-02  1.975E-02  0.000E+00
                                         41      0.489  1.957E-01  1.957E-01  0.000E+00
                                          2      1.131  3.591E-01  3.591E-01  0.000E+00
 82   1.180950   1.5  1   0.00E+00  3 0                    3/2+  0                      
                                          6      1.051  3.649E-01  3.649E-01  0.000E+00
                                          5      1.071  3.919E-01  3.919E-01  0.000E+00
                                          2      1.139  2.432E-01  2.432E-01  0.000E+00
 83   1.199040   3.5  1   0.00E+00  3 1              (7/2,9/2)+  0                      
                                         11      0.979  1.915E-01  1.915E-01  0.000E+00
                                         10      0.983  3.191E-01  3.191E-01  0.000E+00
                                          3      1.106  4.894E-01  4.894E-01  0.000E+00
 84   1.220800   0.5  0   0.00E+00  2 1               (1/2,3/2)  0                      
                                          8      1.038  2.992E-01  2.992E-01  0.000E+00
                                          5      1.111  7.008E-01  7.008E-01  0.000E+00
 85   1.247558   0.5  1   0.00E+00  2 1              (1/2,3/2)+  0                      
                                         77      0.116  4.238E-01  4.238E-01  0.000E+00
                                          2      1.206  5.762E-01  5.762E-01  0.000E+00
 86   1.252147   0.5 -1   0.00E+00  2 1              (1/2,3/2)-  0                      
                                         55      0.404  5.512E-02  5.512E-02  0.000E+00
                                          2      1.211  9.449E-01  9.449E-01  0.000E+00
 87   1.268201   1.5 -1   0.00E+00  4 0                    3/2-  0                      
                                         65      0.306  4.681E-02  4.681E-02  0.000E+00
                                         44      0.548  9.493E-02  9.493E-02  0.000E+00
                                         14      0.965  2.731E-01  2.731E-01  0.000E+00
                                          2      1.226  5.852E-01  5.852E-01  0.000E+00
 88   1.272470   2.5  1   0.00E+00  1 0                    5/2+  0                      
                                          1      1.272  1.000E+00  1.000E+00  0.000E+00
 89   1.293860   0.5  0   0.00E+00  0 1               (1/2,3/2)  0                      
 90   1.314570   0.5  0   0.00E+00  1 1               (1/2,3/2)  0                      
                                         16      0.999  1.000E+00  1.000E+00  0.000E+00
 91   1.328369   2.5  1   0.00E+00  4 0                    5/2+  0                      
                                         42      0.619  1.037E-01  1.037E-01  0.000E+00
                                         16      1.012  1.588E-01  1.588E-01  0.000E+00
                                          6      1.199  2.250E-01  2.250E-01  0.000E+00
                                          5      1.219  5.125E-01  5.125E-01  0.000E+00
 92   1.330600   0.5  1   0.00E+00  0 1              (1/2,3/2)+  0                      
 93   1.337970   0.5  0   0.00E+00  2 1               (1/2,3/2)  0                      
                                         20      0.977  1.738E-01  1.738E-01  0.000E+00
                                          1      1.338  8.262E-01  8.262E-01  0.000E+00
 94   1.353520   0.5 -1   0.00E+00  3 1              (1/2,3/2)-  0                      
                                         35      0.746  9.091E-02  9.091E-02  0.000E+00
                                         20      0.992  4.545E-01  4.545E-01  0.000E+00
                                          8      1.170  4.545E-01  4.545E-01  0.000E+00
 95   1.363580   0.5 -1   0.00E+00  1 1              (1/2,3/2)-  0                      
                                          9      1.152  1.000E+00  1.000E+00  0.000E+00
 96   1.384540   0.5 -1   0.00E+00  2 1             (1/2-,3/2-)  0                      
                                          2      1.343  7.879E-01  7.879E-01  0.000E+00
                                          1      1.385  2.121E-01  2.121E-01  0.000E+00
 97   1.400920   1.5  1   0.00E+00  3 0                    3/2+  0                      
                                         45      0.673  1.101E-01  1.101E-01  0.000E+00
                                         15      1.086  4.167E-01  4.167E-01  0.000E+00
                                          2      1.360  4.732E-01  4.732E-01  0.000E+00
 98   1.422966   1.5 -1   0.00E+00  6 1             (3/2-,5/2-)  0                      
                                         74      0.320  9.195E-02  9.195E-02  0.000E+00
                                         56      0.565  4.215E-02  4.215E-02  0.000E+00
                                         26      0.981  3.188E-01  3.188E-01  0.000E+00
                                          4      1.328  2.215E-01  2.215E-01  0.000E+00
                                          2      1.381  2.107E-01  2.107E-01  0.000E+00
                                          1      1.423  1.149E-01  1.149E-01  0.000E+00
 99   1.426400   0.5  1   0.00E+00  0 1              (1/2,3/2)+  0                      
100   1.450330   0.5 -1   0.00E+00  2 1              (1/2,3/2)-  0                      
                                          5      1.341  5.397E-01  5.397E-01  0.000E+00
                                          1      1.450  4.603E-01  4.603E-01  0.000E+00
101   1.462000   0.5  1   0.00E+00  0 1              (1/2,3/2)+  0                      
102   1.484900   0.5  0   0.00E+00  0 1               (1/2,3/2)  0                      
103   1.503000   0.5 -1   0.00E+00  0 1              (1/2,3/2)-  0                      
104   1.721700   0.5  1   0.00E+00  2 1              (1/2,3/2)+  0                      
                                         24      1.309  2.353E-01  2.353E-01  0.000E+00
                                          1      1.722  7.647E-01  7.647E-01  0.000E+00
105   6.247070   0.5  1   0.00E+00 54 0                    1/2+  0                      
                                        104      4.525  4.624E-02  4.624E-02  0.000E+00
                                        103      4.744  7.689E-03  7.689E-03  0.000E+00
                                        102      4.762  1.659E-02  1.659E-02  0.000E+00
                                        100      4.796  3.954E-03  3.954E-03  0.000E+00
                                         96      4.862  1.219E-02  1.219E-02  0.000E+00
                                         95      4.884  1.175E-02  1.175E-02  0.000E+00
                                         94      4.893  9.117E-03  9.117E-03  0.000E+00
                                         93      4.909  4.394E-02  4.394E-02  0.000E+00
                                         90      4.932  1.087E-02  1.087E-02  0.000E+00
                                         89      4.953  6.612E-02  6.612E-02  0.000E+00
                                         88      4.972  2.307E-03  2.307E-03  0.000E+00
                                         87      4.979  5.492E-03  5.492E-03  0.000E+00
                                         86      4.996  8.568E-03  8.568E-03  0.000E+00
                                         85      4.999  4.504E-03  4.504E-03  0.000E+00
                                         84      5.026  3.954E-03  3.954E-03  0.000E+00
                                         81      5.074  1.175E-02  1.175E-02  0.000E+00
                                         80      5.084  7.469E-03  7.469E-03  0.000E+00
                                         79      5.089  8.897E-03  8.897E-03  0.000E+00
                                         76      5.123  1.461E-02  1.461E-02  0.000E+00
                                         75      5.128  5.163E-03  5.163E-03  0.000E+00
                                         74      5.145  6.261E-03  6.261E-03  0.000E+00
                                         71      5.192  1.266E-01  1.266E-01  0.000E+00
                                         70      5.207  1.395E-02  1.395E-02  0.000E+00
                                         67      5.231  6.041E-03  6.041E-03  0.000E+00
                                         66      5.256  3.625E-03  3.625E-03  0.000E+00
                                         65      5.285  4.064E-03  4.064E-03  0.000E+00
                                         63      5.302  1.944E-02  1.944E-02  0.000E+00
                                         59      5.353  4.504E-03  4.504E-03  0.000E+00
                                         58      5.362  9.117E-03  9.117E-03  0.000E+00
                                         56      5.390  2.362E-02  2.362E-02  0.000E+00
                                         54      5.426  9.996E-03  9.996E-03  0.000E+00
                                         53      5.434  5.053E-03  5.053E-03  0.000E+00
                                         52      5.457  3.076E-03  3.076E-03  0.000E+00
                                         51      5.464  5.163E-03  5.163E-03  0.000E+00
                                         46      5.517  3.954E-03  3.954E-03  0.000E+00
                                         42      5.538  1.164E-02  1.164E-02  0.000E+00
                                         41      5.562  6.810E-03  6.810E-03  0.000E+00
                                         40      5.570  2.307E-03  2.307E-03  0.000E+00
                                         39      5.583  7.689E-03  7.689E-03  0.000E+00
                                         35      5.639  3.405E-03  3.405E-03  0.000E+00
                                         34      5.669  4.284E-03  4.284E-03  0.000E+00
                                         33      5.696  2.856E-03  2.856E-03  0.000E+00
                                         31      5.716  6.481E-03  6.481E-03  0.000E+00
                                         30      5.739  4.646E-02  4.646E-02  0.000E+00
                                         28      5.764  1.834E-02  1.834E-02  0.000E+00
                                         25      5.811  2.592E-02  2.592E-02  0.000E+00
                                         24      5.833  6.481E-03  6.481E-03  0.000E+00
                                         20      5.886  4.163E-02  4.163E-02  0.000E+00
                                         17      5.919  3.229E-02  3.229E-02  0.000E+00
                                         15      5.932  6.382E-02  6.382E-02  0.000E+00
                                         14      5.944  6.481E-03  6.481E-03  0.000E+00
                                          9      6.035  7.909E-03  7.909E-03  0.000E+00
                                          5      6.138  3.185E-03  3.185E-03  0.000E+00
                                          1      6.247  1.563E-01  1.563E-01  0.000E+00
