166Ho  166   67  291  765  290    1    6.243640    6.747021
  1   0.000000   0.0 -1   9.66E+04  0 0                      0-  0                      
  2   0.005985   7.0 -1   3.78E+10  1 0                    (7)-  0                      
                                          1      0.006  0.000E+00  0.000E+00  0.000E+00
  3   0.054240   2.0 -1   0.00E+00  1 0                      2-  0                      
                                          1      0.054  1.000E+00  1.000E+00  0.000E+00
  4   0.082472   1.0 -1   0.00E+00  2 0                      1-  0                      
                                          3      0.028  4.762E-02  4.762E-02  0.000E+00
                                          1      0.082  9.524E-01  9.524E-01  0.000E+00
  5   0.137747   8.0 -1   0.00E+00  1 0                    (8-)  0                      
                                          2      0.132  1.000E+00  1.000E+00  0.000E+00
  6   0.171076   3.0 -1   0.00E+00  2 0                      3-  0                      
                                          4      0.089  1.971E-03  1.971E-03  0.000E+00
                                          3      0.117  9.980E-01  9.980E-01  0.000E+00
  7   0.180470   4.0 -1   0.00E+00  1 0                      4-  0                      
                                          3      0.126  1.000E+00  1.000E+00  0.000E+00
  8   0.190905   3.0  1   0.00E+00  2 0                      3+  0                      
                                          6      0.020  3.782E-02  3.782E-02  0.000E+00
                                          3      0.137  9.622E-01  9.622E-01  0.000E+00
  9   0.260666   4.0  1   5.00E-10  2 0                      4+  0                      
                                          8      0.070  9.536E-01  9.536E-01  0.000E+00
                                          6      0.090  4.637E-02  4.637E-02  0.000E+00
 10   0.263792   5.0  1   5.00E-10  2 0                    (5)+  0                      
                                          8      0.073  4.857E-01  4.857E-01  0.000E+00
                                          2      0.258  5.143E-01  5.143E-01  0.000E+00
 11   0.295109   6.0  1   1.10E-09  1 0                    (6)+  0                      
                                          2      0.289  1.000E+00  1.000E+00  0.000E+00
 12   0.329780   5.0 -1   0.00E+00  2 0                      5-  0                      
                                          7      0.149  9.860E-01  9.860E-01  0.000E+00
                                          6      0.159  1.402E-02  1.402E-02  0.000E+00
 13   0.348262   5.0  1   0.00E+00  3 0                    (5)+  0                      
                                         10      0.084  7.814E-02  7.814E-02  0.000E+00
                                          9      0.088  8.041E-01  8.041E-01  0.000E+00
                                          8      0.157  1.178E-01  1.178E-01  0.000E+00
 14   0.371992   4.0  1   2.00E-10  3 0                    4(+)  0                      
                                         10      0.108  2.448E-01  2.448E-01  0.000E+00
                                          9      0.111  1.799E-01  1.799E-01  0.000E+00
                                          8      0.181  5.753E-01  5.753E-01  0.000E+00
 15   0.373089   1.0 -1   2.00E-10  1 0                    (1)-  0                      
                                          4      0.291  1.000E+00  1.000E+00  0.000E+00
 16   0.377812   6.0 -1   0.00E+00  2 0                    (6-)  0                      
                                         12      0.048  2.093E-01  2.093E-01  0.000E+00
                                          7      0.197  7.907E-01  7.907E-01  0.000E+00
 17   0.416086   2.0 -1   2.00E-10  2 0                      2-  0                      
                                          6      0.245  3.113E-01  3.113E-01  0.000E+00
                                          4      0.334  6.887E-01  6.887E-01  0.000E+00
 18   0.419720  -1.0  0   0.00E+00  2 0                          0                      
                                          6      0.249  2.667E-01  2.667E-01  0.000E+00
                                          2      0.414  7.333E-01  7.333E-01  0.000E+00
 19   0.426012   1.0  1   0.00E+00  3 0                      1+  0                      
                                          4      0.344  4.372E-02  4.372E-02  0.000E+00
                                          3      0.372  3.360E-01  3.360E-01  0.000E+00
                                          1      0.426  6.203E-01  6.203E-01  0.000E+00
 20   0.430037   2.0  1   2.00E-10  1 0                    2(+)  0                      
                                          8      0.239  1.000E+00  1.000E+00  0.000E+00
 21   0.453778   6.0  1   0.00E+00  2 0                    (6+)  0                      
                                         13      0.106  7.006E-01  7.006E-01  0.000E+00
                                          9      0.193  2.994E-01  2.994E-01  0.000E+00
 22   0.464506   2.0  1   0.00E+00  5 0                    (2+)  0                      
                                         19      0.038  1.149E-01  1.149E-01  0.000E+00
                                         15      0.091  3.017E-02  3.017E-02  0.000E+00
                                          8      0.274  4.172E-02  4.172E-02  0.000E+00
                                          6      0.293  2.375E-02  2.375E-02  0.000E+00
                                          3      0.410  7.895E-01  7.895E-01  0.000E+00
 23   0.470851   5.0  1   0.00E+00  4 0                    (5+)  0                      
                                         14      0.099  7.050E-01  7.050E-01  0.000E+00
                                         11      0.176  1.384E-01  1.384E-01  0.000E+00
                                         10      0.207  1.149E-01  1.149E-01  0.000E+00
                                          8      0.280  4.178E-02  4.178E-02  0.000E+00
 24   0.475694   3.0 -1   2.00E-10  2 0                    (3)-  0                      
                                         15      0.103  6.230E-03  6.230E-03  0.000E+00
                                          6      0.305  9.938E-01  9.938E-01  0.000E+00
 25   0.481853   3.0  1   2.00E-10  4 0                    (3+)  0                      
                                         20      0.052  5.390E-02  5.390E-02  0.000E+00
                                         14      0.110  4.900E-03  4.900E-03  0.000E+00
                                          9      0.221  9.131E-01  9.131E-01  0.000E+00
                                          8      0.291  2.806E-02  2.806E-02  0.000E+00
 26   0.522027   3.0  1   0.00E+00  3 0                    (3+)  0                      
                                         22      0.058  7.359E-01  7.359E-01  0.000E+00
                                          9      0.261  9.091E-02  9.091E-02  0.000E+00
                                          7      0.342  1.732E-01  1.732E-01  0.000E+00
 27   0.543677   2.0 -1   0.00E+00  5 0                      2-  0                      
                                         20      0.114  5.343E-02  5.343E-02  0.000E+00
                                         15      0.171  0.000E+00  0.000E+00  0.000E+00
                                          7      0.363  1.260E-02  1.260E-02  0.000E+00
                                          3      0.489  4.996E-01  4.996E-01  0.000E+00
                                          1      0.544  4.344E-01  4.344E-01  0.000E+00
 28   0.547962   4.0  1   0.00E+00  6 0                    (4+)  0                      
                                         25      0.066  1.264E-01  1.264E-01  0.000E+00
                                         14      0.176  4.176E-02  4.176E-02  0.000E+00
                                         13      0.200  5.418E-01  5.418E-01  0.000E+00
                                          9      0.287  6.321E-02  6.321E-02  0.000E+00
                                          8      0.357  1.828E-01  1.828E-01  0.000E+00
                                          6      0.377  4.402E-02  4.402E-02  0.000E+00
 29   0.557696   7.0 -1   0.00E+00  3 0                    (7-)  0                      
                                         18      0.138  2.531E-02  2.531E-02  0.000E+00
                                         16      0.180  9.029E-01  9.029E-01  0.000E+00
                                         12      0.228  7.182E-02  7.182E-02  0.000E+00
 30   0.558571   4.0  0   0.00E+00  5 0                       4  0                      
                                         18      0.139  1.015E-01  1.015E-01  0.000E+00
                                         14      0.187  2.940E-01  2.940E-01  0.000E+00
                                         13      0.210  2.687E-01  2.687E-01  0.000E+00
                                          9      0.298  2.806E-01  2.806E-01  0.000E+00
                                          8      0.368  5.522E-02  5.522E-02  0.000E+00
 31   0.562896   1.0  1   0.00E+00  4 0                    (1+)  0                      
                                         24      0.087  2.213E-02  2.213E-02  0.000E+00
                                         17      0.147  4.004E-02  4.004E-02  0.000E+00
                                         12      0.233  4.004E-01  4.004E-01  0.000E+00
                                          6      0.392  5.374E-01  5.374E-01  0.000E+00
 32   0.567618   7.0  1   0.00E+00  4 0                    (7+)  0                      
                                         22      0.103  1.164E-01  1.164E-01  0.000E+00
                                         19      0.142  3.922E-01  3.922E-01  0.000E+00
                                         17      0.152  1.422E-01  1.422E-01  0.000E+00
                                         15      0.195  3.491E-01  3.491E-01  0.000E+00
 33   0.577218   6.0  1   0.00E+00  4 0                    (6+)  0                      
                                         21      0.123  3.656E-01  3.656E-01  0.000E+00
                                         13      0.229  1.398E-01  1.398E-01  0.000E+00
                                         10      0.313  3.817E-01  3.817E-01  0.000E+00
                                          5      0.439  1.129E-01  1.129E-01  0.000E+00
 34   0.588118   3.0  1   0.00E+00  4 0                    (3+)  0                      
                                         23      0.117  8.268E-01  8.268E-01  0.000E+00
                                         21      0.134  8.661E-02  8.661E-02  0.000E+00
                                         14      0.216  8.661E-02  8.661E-02  0.000E+00
                                          1      0.588  0.000E+00  0.000E+00  0.000E+00
 35   0.592500   3.0 -1   0.00E+00  5 0                    (3)-  0                      
                                         20      0.162  2.005E-02  2.005E-02  0.000E+00
                                          9      0.332  7.075E-02  7.075E-02  0.000E+00
                                          8      0.402  6.309E-01  6.309E-01  0.000E+00
                                          7      0.412  1.887E-01  1.887E-01  0.000E+00
                                          3      0.538  8.962E-02  8.962E-02  0.000E+00
 36   0.597021   4.0  1   0.00E+00  7 0                    (4+)  0                      
                                         27      0.053  1.710E-02  1.710E-02  0.000E+00
                                         25      0.115  1.710E-02  1.710E-02  0.000E+00
                                         20      0.167  3.275E-02  3.275E-02  0.000E+00
                                         15      0.224  1.928E-03  1.928E-03  0.000E+00
                                         12      0.267  7.241E-02  7.241E-02  0.000E+00
                                          7      0.417  1.528E-01  1.528E-01  0.000E+00
                                          3      0.543  7.059E-01  7.059E-01  0.000E+00
 37   0.598273   2.0  1   0.00E+00  3 0                    (2+)  0                      
                                         24      0.123  1.829E-01  1.829E-01  0.000E+00
                                          6      0.427  8.171E-01  8.171E-01  0.000E+00
                                          1      0.598  0.000E+00  0.000E+00  0.000E+00
 38   0.605048   2.0 -1   0.00E+00  7 1                 (2-,3-)  0                      
                                         32      0.037  1.017E-02  1.017E-02  0.000E+00
                                         24      0.129  1.265E-01  1.265E-01  0.000E+00
                                         22      0.141  6.461E-02  6.461E-02  0.000E+00
                                         19      0.179  3.024E-01  3.024E-01  0.000E+00
                                         17      0.189  6.049E-02  6.049E-02  0.000E+00
                                         15      0.232  3.162E-01  3.162E-01  0.000E+00
                                          6      0.434  1.196E-01  1.196E-01  0.000E+00
 39   0.628426   5.0  1   0.00E+00  6 0                    (5+)  0                      
                                         27      0.085  3.080E-01  3.080E-01  0.000E+00
                                         24      0.153  2.820E-02  2.820E-02  0.000E+00
                                         17      0.212  3.905E-02  3.905E-02  0.000E+00
                                         15      0.255  1.020E-01  1.020E-01  0.000E+00
                                          8      0.438  6.074E-02  6.074E-02  0.000E+00
                                          6      0.457  4.620E-01  4.620E-01  0.000E+00
 40   0.634324   4.0 -1   0.00E+00  5 0                    (4-)  0                      
                                         30      0.076  1.823E-01  1.823E-01  0.000E+00
                                         28      0.086  2.611E-01  2.611E-01  0.000E+00
                                         25      0.152  3.941E-02  3.941E-02  0.000E+00
                                         21      0.181  5.172E-01  5.172E-01  0.000E+00
                                          1      0.634  0.000E+00  0.000E+00  0.000E+00
 41   0.638304  -1.0  1   0.00E+00  4 0                     (+)  0                      
                                         27      0.095  1.782E-01  1.782E-01  0.000E+00
                                         25      0.156  8.453E-03  8.453E-03  0.000E+00
                                         23      0.167  6.283E-01  6.283E-01  0.000E+00
                                          6      0.467  1.851E-01  1.851E-01  0.000E+00
 42   0.654832   5.0 -1   0.00E+00  7 0                    (5-)  0                      
                                         30      0.096  2.455E-02  2.455E-02  0.000E+00
                                         28      0.107  1.496E-01  1.496E-01  0.000E+00
                                         23      0.184  7.812E-02  7.812E-02  0.000E+00
                                         21      0.201  4.688E-02  4.688E-02  0.000E+00
                                         14      0.283  7.143E-02  7.143E-02  0.000E+00
                                         11      0.360  8.259E-02  8.259E-02  0.000E+00
                                          8      0.464  5.469E-01  5.469E-01  0.000E+00
 43   0.658019   2.0  1   0.00E+00  3 1                 (2+,3+)  0                      
                                         24      0.182  9.654E-02  9.654E-02  0.000E+00
                                         12      0.328  7.122E-01  7.122E-01  0.000E+00
                                          7      0.478  1.913E-01  1.913E-01  0.000E+00
 44   0.658298   3.0  1   0.00E+00  3 0                    (3+)  0                      
                                         28      0.110  1.304E-01  1.304E-01  0.000E+00
                                         19      0.232  8.696E-01  8.696E-01  0.000E+00
                                          1      0.658  0.000E+00  0.000E+00  0.000E+00
 45   0.662148   4.0 -1   0.00E+00  5 0                    (4)-  0                      
                                         32      0.095  4.709E-02  4.709E-02  0.000E+00
                                         27      0.118  3.587E-02  3.587E-02  0.000E+00
                                         26      0.140  6.054E-01  6.054E-01  0.000E+00
                                         17      0.246  2.354E-01  2.354E-01  0.000E+00
                                          3      0.608  7.623E-02  7.623E-02  0.000E+00
 46   0.668009   4.0  1   0.00E+00 11 0                    (4+)  0                      
                                         36      0.071  7.812E-02  7.812E-02  0.000E+00
                                         28      0.120  9.046E-03  9.046E-03  0.000E+00
                                         27      0.124  1.727E-02  1.727E-02  0.000E+00
                                         25      0.186  5.181E-02  5.181E-02  0.000E+00
                                         24      0.192  3.043E-02  3.043E-02  0.000E+00
                                         23      0.197  1.316E-02  1.316E-02  0.000E+00
                                         14      0.296  1.727E-02  1.727E-02  0.000E+00
                                         12      0.338  5.428E-02  5.428E-02  0.000E+00
                                          7      0.488  3.240E-01  3.240E-01  0.000E+00
                                          6      0.497  1.316E-01  1.316E-01  0.000E+00
                                          3      0.614  2.730E-01  2.730E-01  0.000E+00
 47   0.671754   4.0 -1   0.00E+00  8 0                    (4-)  0                      
                                         40      0.037  0.000E+00  0.000E+00  0.000E+00
                                         28      0.124  9.661E-03  9.661E-03  0.000E+00
                                         25      0.190  9.661E-03  9.661E-03  0.000E+00
                                         21      0.218  3.828E-02  3.828E-02  0.000E+00
                                         20      0.242  6.744E-02  6.744E-02  0.000E+00
                                         14      0.300  2.917E-02  2.917E-02  0.000E+00
                                         13      0.323  1.167E-01  1.167E-01  0.000E+00
                                          9      0.411  7.291E-01  7.291E-01  0.000E+00
 48   0.683847   2.0  1   0.00E+00  6 0                    (2+)  0                      
                                         28      0.136  6.573E-02  6.573E-02  0.000E+00
                                         25      0.202  4.589E-02  4.589E-02  0.000E+00
                                         23      0.213  6.573E-03  6.573E-03  0.000E+00
                                         17      0.268  7.193E-02  7.193E-02  0.000E+00
                                         13      0.336  4.093E-01  4.093E-01  0.000E+00
                                          6      0.513  4.006E-01  4.006E-01  0.000E+00
 49   0.693382   2.0 -1   0.00E+00  4 0                    (2-)  0                      
                                         36      0.096  0.000E+00  0.000E+00  0.000E+00
                                         30      0.135  3.751E-01  3.751E-01  0.000E+00
                                         25      0.212  6.213E-02  6.213E-02  0.000E+00
                                         20      0.263  5.627E-01  5.627E-01  0.000E+00
 50   0.704721   4.0  1   0.00E+00  6 1               4(+),(3+)  0                      
                                         36      0.108  2.153E-02  2.153E-02  0.000E+00
                                         20      0.275  9.287E-02  9.287E-02  0.000E+00
                                         19      0.279  4.307E-02  4.307E-02  0.000E+00
                                         17      0.289  8.479E-02  8.479E-02  0.000E+00
                                          7      0.524  3.499E-01  3.499E-01  0.000E+00
                                          6      0.534  4.078E-01  4.078E-01  0.000E+00
 51   0.719360   2.0 -1   0.00E+00  3 1                 (2-,3-)  0                      
                                         45      0.057  8.879E-02  8.879E-02  0.000E+00
                                         14      0.347  8.668E-02  8.668E-02  0.000E+00
                                         10      0.456  8.245E-01  8.245E-01  0.000E+00
 52   0.725478   4.0  1   0.00E+00  6 0                    (4+)  0                      
                                         46      0.057  5.283E-02  5.283E-02  0.000E+00
                                         32      0.158  1.057E-02  1.057E-02  0.000E+00
                                         15      0.352  1.057E-01  1.057E-01  0.000E+00
                                          8      0.535  2.284E-01  2.284E-01  0.000E+00
                                          6      0.554  4.569E-01  4.569E-01  0.000E+00
                                          4      0.643  1.456E-01  1.456E-01  0.000E+00
 53   0.736467  -1.0 -1   0.00E+00  7 0                     (-)  0                      
                                         38      0.131  1.225E-02  1.225E-02  0.000E+00
                                         31      0.174  2.426E-02  2.426E-02  0.000E+00
                                         26      0.214  2.449E-01  2.449E-01  0.000E+00
                                         24      0.261  1.779E-01  1.779E-01  0.000E+00
                                         20      0.306  2.542E-01  2.542E-01  0.000E+00
                                         10      0.473  1.710E-01  1.710E-01  0.000E+00
                                          9      0.476  1.155E-01  1.155E-01  0.000E+00
 54   0.742021   5.0 -1   0.00E+00  5 0                    (5-)  0                      
                                         40      0.108  0.000E+00  0.000E+00  0.000E+00
                                         36      0.145  2.204E-02  2.204E-02  0.000E+00
                                         27      0.198  3.358E-02  3.358E-02  0.000E+00
                                         12      0.412  0.000E+00  0.000E+00  0.000E+00
                                          9      0.481  9.444E-01  9.444E-01  0.000E+00
 55   0.757612  -1.0 -1   0.00E+00 10 0                     (-)  0                      
                                         46      0.090  0.000E+00  0.000E+00  0.000E+00
                                         43      0.100  1.631E-02  1.631E-02  0.000E+00
                                         36      0.161  3.113E-02  3.113E-02  0.000E+00
                                         34      0.169  1.557E-02  1.557E-02  0.000E+00
                                         30      0.199  3.113E-02  3.113E-02  0.000E+00
                                         28      0.210  1.631E-02  1.631E-02  0.000E+00
                                         16      0.380  3.855E-02  3.855E-02  0.000E+00
                                          9      0.497  1.660E-01  1.660E-01  0.000E+00
                                          7      0.577  5.486E-01  5.486E-01  0.000E+00
                                          6      0.587  1.364E-01  1.364E-01  0.000E+00
 56   0.758730   5.0  1   0.00E+00  2 0                    (5+)  0                      
                                         46      0.091  5.000E-01  5.000E-01  0.000E+00
                                         32      0.191  5.000E-01  5.000E-01  0.000E+00
 57   0.769761  -1.0  0   0.00E+00  2 0                          0                      
                                         21      0.316  1.700E-01  1.700E-01  0.000E+00
                                          9      0.509  8.300E-01  8.300E-01  0.000E+00
 58   0.791779   2.0  1   0.00E+00  1 0                    (2+)  0                      
                                         39      0.163  1.000E+00  1.000E+00  0.000E+00
 59   0.806702   6.0  1   0.00E+00  1 0                    (6+)  0                      
                                         25      0.325  1.000E+00  1.000E+00  0.000E+00
 60   0.807340   3.0  0   0.00E+00  2 0                       3  0                      
                                         33      0.230  1.818E-01  1.818E-01  0.000E+00
                                         12      0.478  8.182E-01  8.182E-01  0.000E+00
 61   0.815141   3.0 -1   0.00E+00  9 0                    (3-)  0                      
                                         47      0.143  9.877E-03  9.877E-03  0.000E+00
                                         37      0.217  3.457E-02  3.457E-02  0.000E+00
                                         35      0.223  1.543E-01  1.543E-01  0.000E+00
                                         30      0.257  1.136E-01  1.136E-01  0.000E+00
                                         22      0.351  3.704E-02  3.704E-02  0.000E+00
                                         20      0.385  2.593E-02  2.593E-02  0.000E+00
                                         14      0.443  2.025E-01  2.025E-01  0.000E+00
                                          9      0.554  1.605E-01  1.605E-01  0.000E+00
                                          8      0.624  2.617E-01  2.617E-01  0.000E+00
 62   0.824547   5.0  1   0.00E+00  4 0                    (5+)  0                      
                                         42      0.170  2.206E-01  2.206E-01  0.000E+00
                                         30      0.266  2.500E-01  2.500E-01  0.000E+00
                                         27      0.281  0.000E+00  0.000E+00  0.000E+00
                                          8      0.634  5.294E-01  5.294E-01  0.000E+00
 63   0.832235  -1.0 -1   0.00E+00  5 0                     (-)  0                      
                                         53      0.096  4.948E-01  4.948E-01  0.000E+00
                                         51      0.113  4.948E-02  4.948E-02  0.000E+00
                                         45      0.170  2.384E-02  2.384E-02  0.000E+00
                                         31      0.269  2.429E-01  2.429E-01  0.000E+00
                                         28      0.284  1.889E-01  1.889E-01  0.000E+00
 64   0.867290  -1.0 -1   0.00E+00  1 0                     (-)  0                      
                                         29      0.310  1.000E+00  1.000E+00  0.000E+00
 65   0.870130   2.0 -1   0.00E+00  4 0                    (2-)  0                      
                                         40      0.236  1.022E-01  1.022E-01  0.000E+00
                                         38      0.265  3.035E-01  3.035E-01  0.000E+00
                                         30      0.312  4.249E-01  4.249E-01  0.000E+00
                                         24      0.394  1.693E-01  1.693E-01  0.000E+00
 66   0.870168   3.0  0   0.00E+00  1 0                       3  0                      
                                          1      0.870  0.000E+00  0.000E+00  0.000E+00
 67   0.876380   3.0  1   0.00E+00  3 0                    (3+)  0                      
                                         50      0.172  1.970E-01  1.970E-01  0.000E+00
                                         46      0.208  6.061E-01  6.061E-01  0.000E+00
                                         19      0.450  1.970E-01  1.970E-01  0.000E+00
 68   0.880630  -1.0  1   0.00E+00  4 0                     (+)  0                      
                                         47      0.209  3.065E-02  3.065E-02  0.000E+00
                                         26      0.359  4.981E-02  4.981E-02  0.000E+00
                                         25      0.399  7.663E-02  7.663E-02  0.000E+00
                                          8      0.690  8.429E-01  8.429E-01  0.000E+00
 69   0.885345   2.0  0   0.00E+00  4 0                       2  0                      
                                         57      0.116  6.658E-02  6.658E-02  0.000E+00
                                         52      0.160  6.658E-02  6.658E-02  0.000E+00
                                         49      0.192  8.668E-01  8.668E-01  0.000E+00
                                         46      0.217  0.000E+00  0.000E+00  0.000E+00
 70   0.891128  -1.0  0   0.00E+00  4 0                          0                      
                                         61      0.076  0.000E+00  0.000E+00  0.000E+00
                                         53      0.155  4.483E-01  4.483E-01  0.000E+00
                                         42      0.236  5.517E-01  5.517E-01  0.000E+00
                                          1      0.891  0.000E+00  0.000E+00  0.000E+00
 71   0.905274  -1.0  0   0.00E+00  4 0                          0                      
                                         59      0.099  9.813E-02  9.813E-02  0.000E+00
                                         42      0.250  1.729E-01  1.729E-01  0.000E+00
                                         39      0.277  7.477E-02  7.477E-02  0.000E+00
                                         25      0.423  6.542E-01  6.542E-01  0.000E+00
 72   0.925164  -1.0  0   0.00E+00  4 0                          0                      
                                         59      0.118  2.251E-02  2.251E-02  0.000E+00
                                         57      0.155  0.000E+00  0.000E+00  0.000E+00
                                         13      0.577  4.352E-01  4.352E-01  0.000E+00
                                          8      0.734  5.423E-01  5.423E-01  0.000E+00
 73   0.946635  -1.0  0   0.00E+00  3 0                          0                      
                                         66      0.076  9.712E-01  9.712E-01  0.000E+00
                                         56      0.188  2.876E-02  2.876E-02  0.000E+00
                                          1      0.947  0.000E+00  0.000E+00  0.000E+00
 74   0.951203  -1.0  0   0.00E+00  2 0                          0                      
                                         52      0.226  3.298E-01  3.298E-01  0.000E+00
                                         41      0.313  6.702E-01  6.702E-01  0.000E+00
 75   0.961040  -1.0  0   0.00E+00  1 0                          0                      
                                         54      0.219  1.000E+00  1.000E+00  0.000E+00
 76   0.977200  -1.0  0   0.00E+00  1 0                          0                      
                                          1      0.977  0.000E+00  0.000E+00  0.000E+00
 77   0.979538  -1.0  0   0.00E+00  2 0                          0                      
                                         71      0.074  1.000E+00  1.000E+00  0.000E+00
                                          1      0.980  0.000E+00  0.000E+00  0.000E+00
 78   0.985140  -1.0  0   0.00E+00  1 0                          0                      
                                          1      0.985  0.000E+00  0.000E+00  0.000E+00
 79   1.004816  -1.0  0   0.00E+00  1 0                          0                      
                                          1      1.005  0.000E+00  0.000E+00  0.000E+00
 80   1.010659  -1.0  0   0.00E+00  1 0                          0                      
                                         49      0.317  1.000E+00  1.000E+00  0.000E+00
 81   1.016190  -1.0  0   0.00E+00  1 0                          0                      
                                          1      1.016  0.000E+00  0.000E+00  0.000E+00
 82   1.019200  -1.0  0   0.00E+00  1 0                          0                      
                                          1      1.019  0.000E+00  0.000E+00  0.000E+00
 83   1.023362   4.0  0   0.00E+00  2 0                       4  0                      
                                         73      0.077  9.538E-01  9.538E-01  0.000E+00
                                         72      0.098  4.624E-02  4.624E-02  0.000E+00
 84   1.026100  -1.0  0   0.00E+00  1 0                          0                      
                                          1      1.026  0.000E+00  0.000E+00  0.000E+00
 85   1.030349   2.0  0   0.00E+00  3 1                     2,4  0                      
                                         38      0.425  7.121E-01  7.121E-01  0.000E+00
                                         37      0.432  6.089E-02  6.089E-02  0.000E+00
                                         34      0.442  2.270E-01  2.270E-01  0.000E+00
 86   1.054860   3.0  0   0.00E+00  1 0                       3  0                      
                                          1      1.055  0.000E+00  0.000E+00  0.000E+00
 87   1.061749  -1.0  0   0.00E+00  3 0                          0                      
                                         49      0.368  2.603E-01  2.603E-01  0.000E+00
                                         47      0.390  3.017E-01  3.017E-01  0.000E+00
                                         42      0.407  4.380E-01  4.380E-01  0.000E+00
 88   1.087867   3.0  0   0.00E+00  2 1                   3,(5)  0                      
                                         79      0.083  2.626E-01  2.626E-01  0.000E+00
                                         51      0.369  7.374E-01  7.374E-01  0.000E+00
 89   1.097425  -1.0  0   0.00E+00  2 0                          0                      
                                         80      0.087  0.000E+00  0.000E+00  0.000E+00
                                          1      1.097  0.000E+00  0.000E+00  0.000E+00
 90   1.114646  -1.0  0   0.00E+00  2 0                          0                      
                                         83      0.091  1.000E+00  1.000E+00  0.000E+00
                                          1      1.115  0.000E+00  0.000E+00  0.000E+00
 91   1.121370  -1.0  0   0.00E+00  1 0                          0                      
                                          1      1.121  0.000E+00  0.000E+00  0.000E+00
 92   1.131000  -1.0  0   0.00E+00  1 0                          0                      
                                          1      1.131  0.000E+00  0.000E+00  0.000E+00
 93   1.134930  -1.0  0   0.00E+00  1 0                          0                      
                                          1      1.135  0.000E+00  0.000E+00  0.000E+00
 94   1.137750  -1.0  0   0.00E+00  1 0                          0                      
                                          1      1.138  0.000E+00  0.000E+00  0.000E+00
 95   1.141300  -1.0  0   0.00E+00  1 0                          0                      
                                          1      1.141  0.000E+00  0.000E+00  0.000E+00
 96   1.146700   4.0  1   0.00E+00  1 0                    4(+)  0                      
                                          1      1.147  0.000E+00  0.000E+00  0.000E+00
 97   1.154804  -1.0  0   0.00E+00  1 0                          0                      
                                          1      1.155  0.000E+00  0.000E+00  0.000E+00
 98   1.161313  -1.0  0   0.00E+00  1 0                          0                      
                                          1      1.161  0.000E+00  0.000E+00  0.000E+00
 99   1.174900  -1.0  0   0.00E+00  1 0                          0                      
                                          1      1.175  0.000E+00  0.000E+00  0.000E+00
100   1.190101  -1.0  0   0.00E+00  1 0                          0                      
                                          1      1.190  0.000E+00  0.000E+00  0.000E+00
101   1.199400  -1.0  0   0.00E+00  1 0                          0                      
                                          1      1.199  0.000E+00  0.000E+00  0.000E+00
102   1.202090  -1.0  0   0.00E+00  1 0                          0                      
                                          1      1.202  0.000E+00  0.000E+00  0.000E+00
103   1.208580  -1.0  0   0.00E+00  1 0                          0                      
                                          1      1.209  0.000E+00  0.000E+00  0.000E+00
104   1.214900  -1.0  0   0.00E+00  1 0                          0                      
                                          1      1.215  0.000E+00  0.000E+00  0.000E+00
105   1.217200  -1.0  0   0.00E+00  1 0                          0                      
                                          1      1.217  0.000E+00  0.000E+00  0.000E+00
106   1.221580  -1.0  0   0.00E+00  1 0                          0                      
                                          1      1.222  0.000E+00  0.000E+00  0.000E+00
107   1.230011  -1.0  0   0.00E+00  1 0                          0                      
                                          1      1.230  0.000E+00  0.000E+00  0.000E+00
108   1.234830  -1.0  0   0.00E+00  1 0                          0                      
                                          1      1.235  0.000E+00  0.000E+00  0.000E+00
109   1.240670  -1.0  0   0.00E+00  1 0                          0                      
                                          1      1.241  0.000E+00  0.000E+00  0.000E+00
110   1.244200  -1.0  0   0.00E+00  1 0                          0                      
                                          1      1.244  0.000E+00  0.000E+00  0.000E+00
111   1.248150  -1.0  0   0.00E+00  1 0                          0                      
                                          1      1.248  0.000E+00  0.000E+00  0.000E+00
112   1.252650  -1.0  0   0.00E+00  1 0                          0                      
                                          1      1.253  0.000E+00  0.000E+00  0.000E+00
113   1.256830  -1.0  0   0.00E+00  1 0                          0                      
                                          1      1.257  0.000E+00  0.000E+00  0.000E+00
114   1.263800  -1.0  0   0.00E+00  1 0                          0                      
                                          1      1.264  0.000E+00  0.000E+00  0.000E+00
115   1.271400  -1.0  0   0.00E+00  1 0                          0                      
                                          1      1.271  0.000E+00  0.000E+00  0.000E+00
116   1.289250  -1.0  0   0.00E+00  1 0                          0                      
                                          1      1.289  0.000E+00  0.000E+00  0.000E+00
117   1.293750  -1.0  0   0.00E+00  1 0                          0                      
                                          1      1.294  0.000E+00  0.000E+00  0.000E+00
118   1.298420  -1.0  0   0.00E+00  1 0                          0                      
                                          1      1.298  0.000E+00  0.000E+00  0.000E+00
119   1.301040  -1.0  0   0.00E+00  1 0                          0                      
                                          1      1.301  0.000E+00  0.000E+00  0.000E+00
120   1.304760  -1.0  0   0.00E+00  1 0                          0                      
                                          1      1.305  0.000E+00  0.000E+00  0.000E+00
121   1.310490  -1.0  0   0.00E+00  1 0                          0                      
                                          1      1.310  0.000E+00  0.000E+00  0.000E+00
122   1.318000  -1.0  0   0.00E+00  1 0                          0                      
                                          1      1.318  0.000E+00  0.000E+00  0.000E+00
123   1.322010  -1.0  0   0.00E+00  1 0                          0                      
                                          1      1.322  0.000E+00  0.000E+00  0.000E+00
124   1.327470  -1.0  0   0.00E+00  1 0                          0                      
                                          1      1.327  0.000E+00  0.000E+00  0.000E+00
125   1.332100  -1.0  0   0.00E+00  1 0                          0                      
                                          1      1.332  0.000E+00  0.000E+00  0.000E+00
126   1.338700  -1.0  0   0.00E+00  1 0                          0                      
                                          1      1.339  0.000E+00  0.000E+00  0.000E+00
127   1.343020  -1.0  0   0.00E+00  1 0                          0                      
                                          1      1.343  0.000E+00  0.000E+00  0.000E+00
128   1.349880  -1.0  0   0.00E+00  1 0                          0                      
                                          1      1.350  0.000E+00  0.000E+00  0.000E+00
129   1.354980  -1.0  0   0.00E+00  1 0                          0                      
                                          1      1.355  0.000E+00  0.000E+00  0.000E+00
130   1.362680  -1.0  0   0.00E+00  1 0                          0                      
                                          1      1.363  0.000E+00  0.000E+00  0.000E+00
131   1.367260  -1.0  0   0.00E+00  1 0                          0                      
                                          1      1.367  0.000E+00  0.000E+00  0.000E+00
132   1.371400  -1.0  0   0.00E+00  1 0                          0                      
                                          1      1.371  0.000E+00  0.000E+00  0.000E+00
133   1.376770  -1.0  0   0.00E+00  1 0                          0                      
                                          1      1.377  0.000E+00  0.000E+00  0.000E+00
134   1.380100  -1.0  0   0.00E+00  1 0                          0                      
                                          1      1.380  0.000E+00  0.000E+00  0.000E+00
135   1.387710  -1.0  0   0.00E+00  1 0                          0                      
                                          1      1.388  0.000E+00  0.000E+00  0.000E+00
136   1.391890  -1.0  0   0.00E+00  1 0                          0                      
                                          1      1.392  0.000E+00  0.000E+00  0.000E+00
137   1.396730  -1.0  0   0.00E+00  1 0                          0                      
                                          1      1.397  0.000E+00  0.000E+00  0.000E+00
138   1.401730  -1.0  0   0.00E+00  1 0                          0                      
                                          1      1.402  0.000E+00  0.000E+00  0.000E+00
139   1.405800  -1.0  0   0.00E+00  1 0                          0                      
                                          1      1.406  0.000E+00  0.000E+00  0.000E+00
140   1.415758  -1.0  0   0.00E+00  1 0                          0                      
                                          1      1.416  0.000E+00  0.000E+00  0.000E+00
141   1.421440  -1.0  0   0.00E+00  1 0                          0                      
                                          1      1.421  0.000E+00  0.000E+00  0.000E+00
142   1.429760  -1.0  0   0.00E+00  1 0                          0                      
                                          1      1.430  0.000E+00  0.000E+00  0.000E+00
143   1.433600  -1.0  0   0.00E+00  1 0                          0                      
                                          1      1.434  0.000E+00  0.000E+00  0.000E+00
144   1.448880  -1.0  0   0.00E+00  1 0                          0                      
                                          1      1.449  0.000E+00  0.000E+00  0.000E+00
145   1.458800  -1.0  0   0.00E+00  1 0                          0                      
                                          1      1.459  0.000E+00  0.000E+00  0.000E+00
146   1.461610  -1.0  0   0.00E+00  1 0                          0                      
                                          1      1.462  0.000E+00  0.000E+00  0.000E+00
147   1.463860  -1.0  0   0.00E+00  1 0                          0                      
                                          1      1.464  0.000E+00  0.000E+00  0.000E+00
148   1.467300  -1.0  0   0.00E+00  1 0                          0                      
                                          1      1.467  0.000E+00  0.000E+00  0.000E+00
149   1.471710  -1.0  0   0.00E+00  1 0                          0                      
                                          1      1.472  0.000E+00  0.000E+00  0.000E+00
150   1.474400  -1.0  0   0.00E+00  1 0                          0                      
                                          1      1.474  0.000E+00  0.000E+00  0.000E+00
151   1.478450  -1.0  0   0.00E+00  1 0                          0                      
                                          1      1.478  0.000E+00  0.000E+00  0.000E+00
152   1.487110  -1.0  0   0.00E+00  1 0                          0                      
                                          1      1.487  0.000E+00  0.000E+00  0.000E+00
153   1.494550  -1.0  0   0.00E+00  1 0                          0                      
                                          1      1.495  0.000E+00  0.000E+00  0.000E+00
154   1.498110  -1.0  0   0.00E+00  1 0                          0                      
                                          1      1.498  0.000E+00  0.000E+00  0.000E+00
155   1.505510  -1.0  0   0.00E+00  1 0                          0                      
                                          1      1.506  0.000E+00  0.000E+00  0.000E+00
156   1.510560  -1.0  0   0.00E+00  1 0                          0                      
                                          1      1.511  0.000E+00  0.000E+00  0.000E+00
157   1.521220  -1.0  0   0.00E+00  1 0                          0                      
                                          1      1.521  0.000E+00  0.000E+00  0.000E+00
158   1.526820  -1.0  0   0.00E+00  1 0                          0                      
                                          1      1.527  0.000E+00  0.000E+00  0.000E+00
159   1.532080  -1.0  0   0.00E+00  1 0                          0                      
                                          1      1.532  0.000E+00  0.000E+00  0.000E+00
160   1.537580  -1.0  0   0.00E+00  1 0                          0                      
                                          1      1.538  0.000E+00  0.000E+00  0.000E+00
161   1.540900  -1.0  0   0.00E+00  1 0                          0                      
                                          1      1.541  0.000E+00  0.000E+00  0.000E+00
162   1.544400  -1.0  0   0.00E+00  1 0                          0                      
                                          1      1.544  0.000E+00  0.000E+00  0.000E+00
163   1.547460  -1.0  0   0.00E+00  1 0                          0                      
                                          1      1.547  0.000E+00  0.000E+00  0.000E+00
164   1.552910  -1.0  0   0.00E+00  1 0                          0                      
                                          1      1.553  0.000E+00  0.000E+00  0.000E+00
165   1.558870  -1.0  0   0.00E+00  1 0                          0                      
                                          1      1.559  0.000E+00  0.000E+00  0.000E+00
166   1.561010  -1.0  0   0.00E+00  1 0                          0                      
                                          1      1.561  0.000E+00  0.000E+00  0.000E+00
167   1.566500  -1.0  0   0.00E+00  1 0                          0                      
                                          1      1.567  0.000E+00  0.000E+00  0.000E+00
168   1.570720  -1.0  0   0.00E+00  1 0                          0                      
                                          1      1.571  0.000E+00  0.000E+00  0.000E+00
169   1.576850  -1.0  0   0.00E+00  1 0                          0                      
                                          1      1.577  0.000E+00  0.000E+00  0.000E+00
170   1.588750  -1.0  0   0.00E+00  1 0                          0                      
                                          1      1.589  0.000E+00  0.000E+00  0.000E+00
171   1.592430  -1.0  0   0.00E+00  1 0                          0                      
                                          1      1.592  0.000E+00  0.000E+00  0.000E+00
172   1.599950  -1.0  0   0.00E+00  1 0                          0                      
                                          1      1.600  0.000E+00  0.000E+00  0.000E+00
173   1.603780  -1.0  0   0.00E+00  1 0                          0                      
                                          1      1.604  0.000E+00  0.000E+00  0.000E+00
174   1.606190  -1.0  0   0.00E+00  1 0                          0                      
                                          1      1.606  0.000E+00  0.000E+00  0.000E+00
175   1.614010  -1.0  0   0.00E+00  1 0                          0                      
                                          1      1.614  0.000E+00  0.000E+00  0.000E+00
176   1.616000  -1.0  0   0.00E+00  1 0                          0                      
                                          1      1.616  0.000E+00  0.000E+00  0.000E+00
177   1.620310  -1.0  0   0.00E+00  1 0                          0                      
                                          1      1.620  0.000E+00  0.000E+00  0.000E+00
178   1.628150  -1.0  0   0.00E+00  1 0                          0                      
                                          1      1.628  0.000E+00  0.000E+00  0.000E+00
179   1.629910  -1.0  0   0.00E+00  1 0                          0                      
                                          1      1.630  0.000E+00  0.000E+00  0.000E+00
180   1.635470  -1.0  0   0.00E+00  1 0                          0                      
                                          1      1.635  0.000E+00  0.000E+00  0.000E+00
181   1.638930  -1.0  0   0.00E+00  1 0                          0                      
                                          1      1.639  0.000E+00  0.000E+00  0.000E+00
182   1.644450  -1.0  0   0.00E+00  1 0                          0                      
                                          1      1.644  0.000E+00  0.000E+00  0.000E+00
183   1.655000  -1.0  0   0.00E+00  1 0                          0                      
                                          1      1.655  0.000E+00  0.000E+00  0.000E+00
184   1.657510  -1.0  0   0.00E+00  1 0                          0                      
                                          1      1.657  0.000E+00  0.000E+00  0.000E+00
185   1.661530  -1.0  0   0.00E+00  1 0                          0                      
                                          1      1.662  0.000E+00  0.000E+00  0.000E+00
186   1.666110  -1.0  0   0.00E+00  1 0                          0                      
                                          1      1.666  0.000E+00  0.000E+00  0.000E+00
187   1.671600  -1.0  0   0.00E+00  1 0                          0                      
                                          1      1.672  0.000E+00  0.000E+00  0.000E+00
188   1.676650  -1.0  0   0.00E+00  1 0                          0                      
                                          1      1.677  0.000E+00  0.000E+00  0.000E+00
189   1.681200  -1.0  0   0.00E+00  1 0                          0                      
                                          1      1.681  0.000E+00  0.000E+00  0.000E+00
190   1.683510  -1.0  0   0.00E+00  1 0                          0                      
                                          1      1.683  0.000E+00  0.000E+00  0.000E+00
191   1.687300  -1.0  0   0.00E+00  1 0                          0                      
                                          1      1.687  0.000E+00  0.000E+00  0.000E+00
192   1.694970  -1.0  0   0.00E+00  1 0                          0                      
                                          1      1.695  0.000E+00  0.000E+00  0.000E+00
193   1.704270  -1.0  0   0.00E+00  1 0                          0                      
                                          1      1.704  0.000E+00  0.000E+00  0.000E+00
194   1.710610  -1.0  0   0.00E+00  1 0                          0                      
                                          1      1.711  0.000E+00  0.000E+00  0.000E+00
195   1.713210  -1.0  0   0.00E+00  1 0                          0                      
                                          1      1.713  0.000E+00  0.000E+00  0.000E+00
196   1.716610  -1.0  0   0.00E+00  1 0                          0                      
                                          1      1.717  0.000E+00  0.000E+00  0.000E+00
197   1.723800  -1.0  0   0.00E+00  1 0                          0                      
                                          1      1.724  0.000E+00  0.000E+00  0.000E+00
198   1.731060  -1.0  0   0.00E+00  1 0                          0                      
                                          1      1.731  0.000E+00  0.000E+00  0.000E+00
199   1.742220  -1.0  0   0.00E+00  1 0                          0                      
                                          1      1.742  0.000E+00  0.000E+00  0.000E+00
200   1.752410  -1.0  0   0.00E+00  1 0                          0                      
                                          1      1.752  0.000E+00  0.000E+00  0.000E+00
201   1.756800  -1.0  0   0.00E+00  1 0                          0                      
                                          1      1.757  0.000E+00  0.000E+00  0.000E+00
202   1.759630  -1.0  0   0.00E+00  1 0                          0                      
                                          1      1.760  0.000E+00  0.000E+00  0.000E+00
203   1.763550  -1.0  0   0.00E+00  1 0                          0                      
                                          1      1.764  0.000E+00  0.000E+00  0.000E+00
204   1.769420  -1.0  0   0.00E+00  1 0                          0                      
                                          1      1.769  0.000E+00  0.000E+00  0.000E+00
205   1.776720  -1.0  0   0.00E+00  1 0                          0                      
                                          1      1.777  0.000E+00  0.000E+00  0.000E+00
206   1.785610  -1.0  0   0.00E+00  1 0                          0                      
                                          1      1.786  0.000E+00  0.000E+00  0.000E+00
207   1.794140  -1.0  0   0.00E+00  1 0                          0                      
                                          1      1.794  0.000E+00  0.000E+00  0.000E+00
208   1.798710  -1.0  0   0.00E+00  1 0                          0                      
                                          1      1.799  0.000E+00  0.000E+00  0.000E+00
209   1.805410  -1.0  0   0.00E+00  1 0                          0                      
                                          1      1.805  0.000E+00  0.000E+00  0.000E+00
210   1.816940  -1.0  0   0.00E+00  1 0                          0                      
                                          1      1.817  0.000E+00  0.000E+00  0.000E+00
211   1.823820  -1.0  0   0.00E+00  1 0                          0                      
                                          1      1.824  0.000E+00  0.000E+00  0.000E+00
212   1.829490  -1.0  0   0.00E+00  1 0                          0                      
                                          1      1.829  0.000E+00  0.000E+00  0.000E+00
213   1.835560  -1.0  0   0.00E+00  1 0                          0                      
                                          1      1.836  0.000E+00  0.000E+00  0.000E+00
214   1.838500  -1.0  0   0.00E+00  1 0                          0                      
                                          1      1.839  0.000E+00  0.000E+00  0.000E+00
215   1.842950  -1.0  0   0.00E+00  1 0                          0                      
                                          1      1.843  0.000E+00  0.000E+00  0.000E+00
216   1.851010  -1.0  0   0.00E+00  1 0                          0                      
                                          1      1.851  0.000E+00  0.000E+00  0.000E+00
217   1.854940  -1.0  0   0.00E+00  1 0                          0                      
                                          1      1.855  0.000E+00  0.000E+00  0.000E+00
218   1.859300  -1.0  0   0.00E+00  1 0                          0                      
                                          1      1.859  0.000E+00  0.000E+00  0.000E+00
219   1.864700  -1.0  0   0.00E+00  1 0                          0                      
                                          1      1.865  0.000E+00  0.000E+00  0.000E+00
220   1.870210  -1.0  0   0.00E+00  1 0                          0                      
                                          1      1.870  0.000E+00  0.000E+00  0.000E+00
221   1.876830  -1.0  0   0.00E+00  1 0                          0                      
                                          1      1.877  0.000E+00  0.000E+00  0.000E+00
222   1.882950  -1.0  0   0.00E+00  1 0                          0                      
                                          1      1.883  0.000E+00  0.000E+00  0.000E+00
223   1.890810  -1.0  0   0.00E+00  1 0                          0                      
                                          1      1.891  0.000E+00  0.000E+00  0.000E+00
224   1.895250  -1.0  0   0.00E+00  1 0                          0                      
                                          1      1.895  0.000E+00  0.000E+00  0.000E+00
225   1.898940  -1.0  0   0.00E+00  1 0                          0                      
                                          1      1.899  0.000E+00  0.000E+00  0.000E+00
226   1.907630  -1.0  0   0.00E+00  1 0                          0                      
                                          1      1.908  0.000E+00  0.000E+00  0.000E+00
227   1.913910  -1.0  0   0.00E+00  1 0                          0                      
                                          1      1.914  0.000E+00  0.000E+00  0.000E+00
228   1.916200  -1.0  0   0.00E+00  1 0                          0                      
                                          1      1.916  0.000E+00  0.000E+00  0.000E+00
229   1.919300  -1.0  0   0.00E+00  1 0                          0                      
                                          1      1.919  0.000E+00  0.000E+00  0.000E+00
230   1.928140  -1.0  0   0.00E+00  1 0                          0                      
                                          1      1.928  0.000E+00  0.000E+00  0.000E+00
231   1.933060  -1.0  0   0.00E+00  1 0                          0                      
                                          1      1.933  0.000E+00  0.000E+00  0.000E+00
232   1.938850  -1.0  0   0.00E+00  1 0                          0                      
                                          1      1.939  0.000E+00  0.000E+00  0.000E+00
233   1.945940  -1.0  0   0.00E+00  1 0                          0                      
                                          1      1.946  0.000E+00  0.000E+00  0.000E+00
234   1.950850  -1.0  0   0.00E+00  1 0                          0                      
                                          1      1.951  0.000E+00  0.000E+00  0.000E+00
235   1.954300  -1.0  0   0.00E+00  1 0                          0                      
                                          1      1.954  0.000E+00  0.000E+00  0.000E+00
236   1.957490  -1.0  0   0.00E+00  1 0                          0                      
                                          1      1.957  0.000E+00  0.000E+00  0.000E+00
237   1.960650  -1.0  0   0.00E+00  1 0                          0                      
                                          1      1.961  0.000E+00  0.000E+00  0.000E+00
238   1.969720  -1.0  0   0.00E+00  1 0                          0                      
                                          1      1.970  0.000E+00  0.000E+00  0.000E+00
239   1.972800  -1.0  0   0.00E+00  1 0                          0                      
                                          1      1.973  0.000E+00  0.000E+00  0.000E+00
240   1.975410  -1.0  0   0.00E+00  1 0                          0                      
                                          1      1.975  0.000E+00  0.000E+00  0.000E+00
241   1.978290  -1.0  0   0.00E+00  1 0                          0                      
                                          1      1.978  0.000E+00  0.000E+00  0.000E+00
242   1.985940  -1.0  0   0.00E+00  1 0                          0                      
                                          1      1.986  0.000E+00  0.000E+00  0.000E+00
243   1.995330  -1.0  0   0.00E+00  1 0                          0                      
                                          1      1.995  0.000E+00  0.000E+00  0.000E+00
244   1.998900  -1.0  0   0.00E+00  1 0                          0                      
                                          1      1.999  0.000E+00  0.000E+00  0.000E+00
245   2.004860  -1.0  0   0.00E+00  1 0                          0                      
                                          1      2.005  0.000E+00  0.000E+00  0.000E+00
246   2.010730  -1.0  0   0.00E+00  1 0                          0                      
                                          1      2.011  0.000E+00  0.000E+00  0.000E+00
247   2.015030  -1.0  0   0.00E+00  1 0                          0                      
                                          1      2.015  0.000E+00  0.000E+00  0.000E+00
248   2.017460  -1.0  0   0.00E+00  1 0                          0                      
                                          1      2.017  0.000E+00  0.000E+00  0.000E+00
249   2.022950  -1.0  0   0.00E+00  1 0                          0                      
                                          1      2.023  0.000E+00  0.000E+00  0.000E+00
250   2.025590  -1.0  0   0.00E+00  1 0                          0                      
                                          1      2.026  0.000E+00  0.000E+00  0.000E+00
251   2.029720  -1.0  0   0.00E+00  1 0                          0                      
                                          1      2.030  0.000E+00  0.000E+00  0.000E+00
252   2.032010  -1.0  0   0.00E+00  1 0                          0                      
                                          1      2.032  0.000E+00  0.000E+00  0.000E+00
253   2.037400  -1.0  0   0.00E+00  1 0                          0                      
                                          1      2.037  0.000E+00  0.000E+00  0.000E+00
254   2.040320  -1.0  0   0.00E+00  1 0                          0                      
                                          1      2.040  0.000E+00  0.000E+00  0.000E+00
255   2.051220  -1.0  0   0.00E+00  1 0                          0                      
                                          1      2.051  0.000E+00  0.000E+00  0.000E+00
256   2.054320  -1.0  0   0.00E+00  1 0                          0                      
                                          1      2.054  0.000E+00  0.000E+00  0.000E+00
257   2.056600  -1.0  0   0.00E+00  1 0                          0                      
                                          1      2.057  0.000E+00  0.000E+00  0.000E+00
258   2.058620  -1.0  0   0.00E+00  1 0                          0                      
                                          1      2.059  0.000E+00  0.000E+00  0.000E+00
259   2.062000  -1.0  0   0.00E+00  1 0                          0                      
                                          1      2.062  0.000E+00  0.000E+00  0.000E+00
260   2.065160  -1.0  0   0.00E+00  1 0                          0                      
                                          1      2.065  0.000E+00  0.000E+00  0.000E+00
261   2.072560  -1.0  0   0.00E+00  1 0                          0                      
                                          1      2.073  0.000E+00  0.000E+00  0.000E+00
262   2.075200  -1.0  0   0.00E+00  1 0                          0                      
                                          1      2.075  0.000E+00  0.000E+00  0.000E+00
263   2.077730  -1.0  0   0.00E+00  1 0                          0                      
                                          1      2.078  0.000E+00  0.000E+00  0.000E+00
264   2.087720  -1.0  0   0.00E+00  1 0                          0                      
                                          1      2.088  0.000E+00  0.000E+00  0.000E+00
265   2.090920  -1.0  0   0.00E+00  1 0                          0                      
                                          1      2.091  0.000E+00  0.000E+00  0.000E+00
266   2.094320  -1.0  0   0.00E+00  1 0                          0                      
                                          1      2.094  0.000E+00  0.000E+00  0.000E+00
267   2.098330  -1.0  0   0.00E+00  1 0                          0                      
                                          1      2.098  0.000E+00  0.000E+00  0.000E+00
268   2.103620  -1.0  0   0.00E+00  1 0                          0                      
                                          1      2.104  0.000E+00  0.000E+00  0.000E+00
269   2.105600  -1.0  0   0.00E+00  1 0                          0                      
                                          1      2.106  0.000E+00  0.000E+00  0.000E+00
270   2.108800  -1.0  0   0.00E+00  1 0                          0                      
                                          1      2.109  0.000E+00  0.000E+00  0.000E+00
271   2.111700  -1.0  0   0.00E+00  1 0                          0                      
                                          1      2.112  0.000E+00  0.000E+00  0.000E+00
272   2.115800  -1.0  0   0.00E+00  1 0                          0                      
                                          1      2.116  0.000E+00  0.000E+00  0.000E+00
273   2.118600  -1.0  0   0.00E+00  1 0                          0                      
                                          1      2.119  0.000E+00  0.000E+00  0.000E+00
274   2.122450  -1.0  0   0.00E+00  1 0                          0                      
                                          1      2.122  0.000E+00  0.000E+00  0.000E+00
275   2.127450  -1.0  0   0.00E+00  1 0                          0                      
                                          1      2.127  0.000E+00  0.000E+00  0.000E+00
276   2.131160  -1.0  0   0.00E+00  1 0                          0                      
                                          1      2.131  0.000E+00  0.000E+00  0.000E+00
277   2.137180  -1.0  0   0.00E+00  1 0                          0                      
                                          1      2.137  0.000E+00  0.000E+00  0.000E+00
278   2.139300  -1.0  0   0.00E+00  1 0                          0                      
                                          1      2.139  0.000E+00  0.000E+00  0.000E+00
279   2.145410  -1.0  0   0.00E+00  1 0                          0                      
                                          1      2.145  0.000E+00  0.000E+00  0.000E+00
280   2.148450  -1.0  0   0.00E+00  1 0                          0                      
                                          1      2.148  0.000E+00  0.000E+00  0.000E+00
281   2.151650  -1.0  0   0.00E+00  1 0                          0                      
                                          1      2.152  0.000E+00  0.000E+00  0.000E+00
282   2.157310  -1.0  0   0.00E+00  1 0                          0                      
                                          1      2.157  0.000E+00  0.000E+00  0.000E+00
283   2.161040  -1.0  0   0.00E+00  1 0                          0                      
                                          1      2.161  0.000E+00  0.000E+00  0.000E+00
284   2.163770  -1.0  0   0.00E+00  1 0                          0                      
                                          1      2.164  0.000E+00  0.000E+00  0.000E+00
285   2.167680  -1.0  0   0.00E+00  1 0                          0                      
                                          1      2.168  0.000E+00  0.000E+00  0.000E+00
286   2.169780  -1.0  0   0.00E+00  1 0                          0                      
                                          1      2.170  0.000E+00  0.000E+00  0.000E+00
287   2.172100  -1.0  0   0.00E+00  1 0                          0                      
                                          1      2.172  0.000E+00  0.000E+00  0.000E+00
288   2.179980  -1.0  0   0.00E+00  1 0                          0                      
                                          1      2.180  0.000E+00  0.000E+00  0.000E+00
289   2.182910   3.0 -1   0.00E+00  1 1                  (3,4)-  0                      
                                          1      2.183  0.000E+00  0.000E+00  0.000E+00
290   2.193180  -1.0  0   0.00E+00  1 0                          0                      
                                          1      2.193  0.000E+00  0.000E+00  0.000E+00
291   6.243677  -1.0  0   0.00E+00270 0                          0                      
                                        290      4.050  1.222E-02  1.222E-02  0.000E+00
                                        289      4.061  1.986E-03  1.986E-03  0.000E+00
                                        288      4.064  1.558E-03  1.558E-03  0.000E+00
                                        287      4.072  1.018E-03  1.018E-03  0.000E+00
                                        286      4.074  5.500E-03  5.500E-03  0.000E+00
                                        285      4.076  1.528E-03  1.528E-03  0.000E+00
                                        284      4.080  2.363E-03  2.363E-03  0.000E+00
                                        283      4.083  1.609E-03  1.609E-03  0.000E+00
                                        282      4.086  4.787E-03  4.787E-03  0.000E+00
                                        281      4.092  4.685E-03  4.685E-03  0.000E+00
                                        280      4.095  1.609E-03  1.609E-03  0.000E+00
                                        279      4.098  3.870E-03  3.870E-03  0.000E+00
                                        278      4.104  1.324E-03  1.324E-03  0.000E+00
                                        277      4.106  1.528E-03  1.528E-03  0.000E+00
                                        276      4.112  2.475E-03  2.475E-03  0.000E+00
                                        275      4.116  1.884E-03  1.884E-03  0.000E+00
                                        274      4.121  8.046E-04  8.046E-04  0.000E+00
                                        273      4.125  6.416E-04  6.416E-04  0.000E+00
                                        272      4.128  2.200E-03  2.200E-03  0.000E+00
                                        271      4.132  9.166E-04  9.166E-04  0.000E+00
                                        270      4.135  6.416E-04  6.416E-04  0.000E+00
                                        269      4.138  1.120E-03  1.120E-03  0.000E+00
                                        268      4.140  1.426E-03  1.426E-03  0.000E+00
                                        267      4.145  2.577E-03  2.577E-03  0.000E+00
                                        266      4.149  8.046E-04  8.046E-04  0.000E+00
                                        265      4.153  2.740E-03  2.740E-03  0.000E+00
                                        264      4.156  2.414E-03  2.414E-03  0.000E+00
                                        263      4.166  4.074E-03  4.074E-03  0.000E+00
                                        262      4.168  1.069E-03  1.069E-03  0.000E+00
                                        261      4.171  3.463E-03  3.463E-03  0.000E+00
                                        260      4.178  5.194E-03  5.194E-03  0.000E+00
                                        259      4.182  6.416E-04  6.416E-04  0.000E+00
                                        258      4.185  3.870E-03  3.870E-03  0.000E+00
                                        257      4.187  2.037E-03  2.037E-03  0.000E+00
                                        256      4.189  2.444E-03  2.444E-03  0.000E+00
                                        255      4.192  7.536E-04  7.536E-04  0.000E+00
                                        254      4.203  1.293E-03  1.293E-03  0.000E+00
                                        253      4.206  3.463E-03  3.463E-03  0.000E+00
                                        252      4.212  4.176E-03  4.176E-03  0.000E+00
                                        251      4.214  2.139E-03  2.139E-03  0.000E+00
                                        250      4.218  4.583E-03  4.583E-03  0.000E+00
                                        249      4.221  1.293E-03  1.293E-03  0.000E+00
                                        248      4.226  3.666E-03  3.666E-03  0.000E+00
                                        247      4.229  3.463E-03  3.463E-03  0.000E+00
                                        246      4.233  2.526E-03  2.526E-03  0.000E+00
                                        245      4.239  8.860E-03  8.860E-03  0.000E+00
                                        244      4.245  1.395E-03  1.395E-03  0.000E+00
                                        243      4.248  1.986E-03  1.986E-03  0.000E+00
                                        242      4.258  2.037E-03  2.037E-03  0.000E+00
                                        241      4.265  2.689E-03  2.689E-03  0.000E+00
                                        240      4.268  1.069E-03  1.069E-03  0.000E+00
                                        239      4.271  4.787E-04  4.787E-04  0.000E+00
                                        238      4.274  1.069E-03  1.069E-03  0.000E+00
                                        237      4.283  4.074E-03  4.074E-03  0.000E+00
                                        236      4.286  2.037E-03  2.037E-03  0.000E+00
                                        235      4.289  3.768E-04  3.768E-04  0.000E+00
                                        234      4.293  6.314E-03  6.314E-03  0.000E+00
                                        233      4.298  1.395E-03  1.395E-03  0.000E+00
                                        232      4.305  3.157E-03  3.157E-03  0.000E+00
                                        231      4.311  1.293E-03  1.293E-03  0.000E+00
                                        230      4.315  3.361E-03  3.361E-03  0.000E+00
                                        229      4.324  4.685E-03  4.685E-03  0.000E+00
                                        228      4.327  3.463E-03  3.463E-03  0.000E+00
                                        227      4.330  1.130E-03  1.130E-03  0.000E+00
                                        226      4.336  3.870E-03  3.870E-03  0.000E+00
                                        225      4.345  3.666E-03  3.666E-03  0.000E+00
                                        224      4.348  8.555E-03  8.555E-03  0.000E+00
                                        223      4.353  2.526E-03  2.526E-03  0.000E+00
                                        222      4.361  1.018E-03  1.018E-03  0.000E+00
                                        221      4.367  3.463E-03  3.463E-03  0.000E+00
                                        220      4.373  4.787E-04  4.787E-04  0.000E+00
                                        219      4.379  2.648E-04  2.648E-04  0.000E+00
                                        218      4.384  3.972E-03  3.972E-03  0.000E+00
                                        217      4.389  2.577E-03  2.577E-03  0.000E+00
                                        216      4.393  7.536E-04  7.536E-04  0.000E+00
                                        215      4.401  5.092E-03  5.092E-03  0.000E+00
                                        214      4.405  2.648E-04  2.648E-04  0.000E+00
                                        213      4.408  3.055E-03  3.055E-03  0.000E+00
                                        212      4.414  9.166E-04  9.166E-04  0.000E+00
                                        211      4.420  3.361E-03  3.361E-03  0.000E+00
                                        210      4.427  3.870E-03  3.870E-03  0.000E+00
                                        209      4.438  5.907E-04  5.907E-04  0.000E+00
                                        208      4.445  4.787E-04  4.787E-04  0.000E+00
                                        207      4.449  1.446E-03  1.446E-03  0.000E+00
                                        206      4.458  5.907E-04  5.907E-04  0.000E+00
                                        205      4.467  1.181E-02  1.181E-02  0.000E+00
                                        204      4.474  9.675E-04  9.675E-04  0.000E+00
                                        203      4.480  5.907E-03  5.907E-03  0.000E+00
                                        202      4.484  1.069E-03  1.069E-03  0.000E+00
                                        201      4.487  4.787E-04  4.787E-04  0.000E+00
                                        200      4.491  5.907E-04  5.907E-04  0.000E+00
                                        199      4.501  1.507E-03  1.507E-03  0.000E+00
                                        198      4.513  1.884E-03  1.884E-03  0.000E+00
                                        197      4.520  2.139E-04  2.139E-04  0.000E+00
                                        196      4.527  1.130E-03  1.130E-03  0.000E+00
                                        195      4.530  1.884E-03  1.884E-03  0.000E+00
                                        194      4.533  1.018E-03  1.018E-03  0.000E+00
                                        193      4.539  2.852E-03  2.852E-03  0.000E+00
                                        192      4.549  4.176E-03  4.176E-03  0.000E+00
                                        191      4.556  3.768E-04  3.768E-04  0.000E+00
                                        190      4.560  1.018E-03  1.018E-03  0.000E+00
                                        189      4.562  7.536E-04  7.536E-04  0.000E+00
                                        188      4.567  1.721E-03  1.721E-03  0.000E+00
                                        187      4.572  3.463E-03  3.463E-03  0.000E+00
                                        186      4.577  2.953E-03  2.953E-03  0.000E+00
                                        185      4.582  9.675E-04  9.675E-04  0.000E+00
                                        184      4.586  1.293E-03  1.293E-03  0.000E+00
                                        183      4.589  5.907E-04  5.907E-04  0.000E+00
                                        182      4.599  1.069E-03  1.069E-03  0.000E+00
                                        181      4.605  1.507E-03  1.507E-03  0.000E+00
                                        180      4.608  6.925E-03  6.925E-03  0.000E+00
                                        179      4.614  2.546E-03  2.546E-03  0.000E+00
                                        178      4.615  5.805E-03  5.805E-03  0.000E+00
                                        177      4.623  5.907E-04  5.907E-04  0.000E+00
                                        176      4.628  5.703E-03  5.703E-03  0.000E+00
                                        175      4.630  1.120E-03  1.120E-03  0.000E+00
                                        174      4.637  5.092E-03  5.092E-03  0.000E+00
                                        173      4.640  4.583E-03  4.583E-03  0.000E+00
                                        172      4.644  6.111E-03  6.111E-03  0.000E+00
                                        171      4.651  1.181E-03  1.181E-03  0.000E+00
                                        170      4.655  1.660E-03  1.660E-03  0.000E+00
                                        169      4.667  3.361E-03  3.361E-03  0.000E+00
                                        168      4.673  7.842E-03  7.842E-03  0.000E+00
                                        167      4.677  3.768E-04  3.768E-04  0.000E+00
                                        166      4.683  1.324E-03  1.324E-03  0.000E+00
                                        165      4.685  5.194E-03  5.194E-03  0.000E+00
                                        164      4.691  1.344E-03  1.344E-03  0.000E+00
                                        163      4.696  5.296E-03  5.296E-03  0.000E+00
                                        162      4.699  2.648E-04  2.648E-04  0.000E+00
                                        161      4.703  3.768E-03  3.768E-03  0.000E+00
                                        160      4.706  2.791E-03  2.791E-03  0.000E+00
                                        159      4.712  6.213E-03  6.213E-03  0.000E+00
                                        158      4.717  9.675E-04  9.675E-04  0.000E+00
                                        157      4.722  3.768E-04  3.768E-04  0.000E+00
                                        156      4.733  4.481E-03  4.481E-03  0.000E+00
                                        155      4.738  5.907E-04  5.907E-04  0.000E+00
                                        154      4.745  5.398E-04  5.398E-04  0.000E+00
                                        153      4.749  1.232E-03  1.232E-03  0.000E+00
                                        152      4.756  1.293E-03  1.293E-03  0.000E+00
                                        151      4.765  1.609E-03  1.609E-03  0.000E+00
                                        150      4.769  5.907E-04  5.907E-04  0.000E+00
                                        149      4.772  8.555E-04  8.555E-04  0.000E+00
                                        148      4.776  4.277E-04  4.277E-04  0.000E+00
                                        147      4.780  8.249E-03  8.249E-03  0.000E+00
                                        146      4.782  1.222E-03  1.222E-03  0.000E+00
                                        145      4.785  5.907E-04  5.907E-04  0.000E+00
                                        144      4.795  6.518E-03  6.518E-03  0.000E+00
                                        143      4.810  1.884E-03  1.884E-03  0.000E+00
                                        142      4.814  6.009E-03  6.009E-03  0.000E+00
                                        141      4.822  1.232E-03  1.232E-03  0.000E+00
                                        140      4.828  1.324E-02  1.324E-02  0.000E+00
                                        139      4.838  5.398E-04  5.398E-04  0.000E+00
                                        138      4.842  1.884E-03  1.884E-03  0.000E+00
                                        137      4.847  3.361E-03  3.361E-03  0.000E+00
                                        136      4.852  1.935E-03  1.935E-03  0.000E+00
                                        135      4.856  1.487E-02  1.487E-02  0.000E+00
                                        134      4.864  2.139E-03  2.139E-03  0.000E+00
                                        133      4.867  8.453E-03  8.453E-03  0.000E+00
                                        132      4.872  1.630E-04  1.630E-04  0.000E+00
                                        131      4.876  1.293E-03  1.293E-03  0.000E+00
                                        130      4.881  1.558E-03  1.558E-03  0.000E+00
                                        129      4.889  6.416E-03  6.416E-03  0.000E+00
                                        128      4.894  6.111E-03  6.111E-03  0.000E+00
                                        127      4.901  2.526E-03  2.526E-03  0.000E+00
                                        126      4.905  9.472E-03  9.472E-03  0.000E+00
                                        125      4.912  2.648E-04  2.648E-04  0.000E+00
                                        124      4.916  3.768E-03  3.768E-03  0.000E+00
                                        123      4.922  7.536E-04  7.536E-04  0.000E+00
                                        122      4.926  5.907E-04  5.907E-04  0.000E+00
                                        121      4.933  1.018E-03  1.018E-03  0.000E+00
                                        120      4.939  1.660E-03  1.660E-03  0.000E+00
                                        119      4.943  6.620E-03  6.620E-03  0.000E+00
                                        118      4.945  2.179E-02  2.179E-02  0.000E+00
                                        117      4.950  3.666E-03  3.666E-03  0.000E+00
                                        116      4.954  1.609E-03  1.609E-03  0.000E+00
                                        115      4.972  7.536E-04  7.536E-04  0.000E+00
                                        114      4.980  5.194E-03  5.194E-03  0.000E+00
                                        113      4.987  1.507E-03  1.507E-03  0.000E+00
                                        112      4.991  1.395E-03  1.395E-03  0.000E+00
                                        111      4.995  1.731E-03  1.731E-03  0.000E+00
                                        110      4.999  6.824E-03  6.824E-03  0.000E+00
                                        109      5.003  4.787E-03  4.787E-03  0.000E+00
                                        108      5.009  1.293E-03  1.293E-03  0.000E+00
                                        107      5.014  8.453E-03  8.453E-03  0.000E+00
                                        106      5.022  1.232E-03  1.232E-03  0.000E+00
                                        105      5.026  1.395E-03  1.395E-03  0.000E+00
                                        104      5.029  1.772E-03  1.772E-03  0.000E+00
                                        103      5.035  1.721E-03  1.721E-03  0.000E+00
                                        102      5.042  3.055E-03  3.055E-03  0.000E+00
                                        101      5.044  2.139E-04  2.139E-04  0.000E+00
                                        100      5.053  8.351E-03  8.351E-03  0.000E+00
                                         99      5.069  2.139E-04  2.139E-04  0.000E+00
                                         98      5.082  1.405E-02  1.405E-02  0.000E+00
                                         97      5.089  3.972E-03  3.972E-03  0.000E+00
                                         96      5.097  3.768E-04  3.768E-04  0.000E+00
                                         95      5.102  7.536E-04  7.536E-04  0.000E+00
                                         94      5.106  3.259E-03  3.259E-03  0.000E+00
                                         93      5.109  3.361E-02  3.361E-02  0.000E+00
                                         92      5.113  5.907E-04  5.907E-04  0.000E+00
                                         91      5.122  3.463E-03  3.463E-03  0.000E+00
                                         90      5.129  1.742E-02  1.742E-02  0.000E+00
                                         89      5.146  5.907E-03  5.907E-03  0.000E+00
                                         88      5.156  5.703E-03  5.703E-03  0.000E+00
                                         87      5.182  2.577E-02  2.577E-02  0.000E+00
                                         86      5.189  1.731E-03  1.731E-03  0.000E+00
                                         85      5.213  2.648E-02  2.648E-02  0.000E+00
                                         84      5.218  5.398E-04  5.398E-04  0.000E+00
                                         83      5.220  1.120E-04  1.120E-04  0.000E+00
                                         82      5.224  5.398E-04  5.398E-04  0.000E+00
                                         81      5.227  1.772E-03  1.772E-03  0.000E+00
                                         80      5.233  7.536E-04  7.536E-04  0.000E+00
                                         79      5.239  5.907E-03  5.907E-03  0.000E+00
                                         78      5.258  9.166E-04  9.166E-04  0.000E+00
                                         77      5.264  3.259E-04  3.259E-04  0.000E+00
                                         76      5.266  4.277E-04  4.277E-04  0.000E+00
                                         75      5.283  2.475E-03  2.475E-03  0.000E+00
                                         74      5.292  4.787E-04  4.787E-04  0.000E+00
                                         73      5.297  1.660E-03  1.660E-03  0.000E+00
                                         72      5.318  1.630E-04  1.630E-04  0.000E+00
                                         71      5.338  1.120E-02  1.120E-02  0.000E+00
                                         70      5.352  4.277E-03  4.277E-03  0.000E+00
                                         69      5.358  8.555E-04  8.555E-04  0.000E+00
                                         68      5.363  7.435E-03  7.435E-03  0.000E+00
                                         67      5.367  4.787E-04  4.787E-04  0.000E+00
                                         66      5.373  1.344E-03  1.344E-03  0.000E+00
                                         63      5.411  3.055E-03  3.055E-03  0.000E+00
                                         62      5.419  3.259E-03  3.259E-03  0.000E+00
                                         61      5.428  2.271E-02  2.271E-02  0.000E+00
                                         59      5.437  1.069E-03  1.069E-03  0.000E+00
                                         58      5.452  1.630E-04  1.630E-04  0.000E+00
                                         57      5.474  3.870E-03  3.870E-03  0.000E+00
                                         56      5.485  1.181E-03  1.181E-03  0.000E+00
                                         54      5.502  1.660E-03  1.660E-03  0.000E+00
                                         53      5.507  5.907E-04  5.907E-04  0.000E+00
                                         52      5.518  2.139E-04  2.139E-04  0.000E+00
                                         51      5.524  1.955E-02  1.955E-02  0.000E+00
                                         50      5.539  2.648E-04  2.648E-04  0.000E+00
                                         49      5.550  5.194E-03  5.194E-03  0.000E+00
                                         48      5.560  8.046E-04  8.046E-04  0.000E+00
                                         46      5.576  2.475E-03  2.475E-03  0.000E+00
                                         45      5.581  2.098E-03  2.098E-03  0.000E+00
                                         44      5.585  1.884E-03  1.884E-03  0.000E+00
                                         42      5.589  8.046E-04  8.046E-04  0.000E+00
                                         41      5.605  2.689E-03  2.689E-03  0.000E+00
                                         40      5.609  4.277E-04  4.277E-04  0.000E+00
                                         39      5.615  2.648E-04  2.648E-04  0.000E+00
                                         38      5.639  2.648E-04  2.648E-04  0.000E+00
                                         37      5.645  3.870E-03  3.870E-03  0.000E+00
                                         35      5.651  5.398E-03  5.398E-03  0.000E+00
                                         31      5.681  2.149E-03  2.149E-03  0.000E+00
                                         30      5.685  9.879E-03  9.879E-03  0.000E+00
                                         28      5.696  3.870E-03  3.870E-03  0.000E+00
                                         27      5.700  1.772E-03  1.772E-03  0.000E+00
                                         26      5.722  2.953E-03  2.953E-03  0.000E+00
                                         25      5.762  1.090E-02  1.090E-02  0.000E+00
                                         24      5.768  3.768E-03  3.768E-03  0.000E+00
                                         23      5.773  9.166E-03  9.166E-03  0.000E+00
                                         22      5.779  1.558E-03  1.558E-03  0.000E+00
                                         20      5.814  5.500E-02  5.500E-02  0.000E+00
                                         18      5.824  3.259E-04  3.259E-04  0.000E+00
                                         17      5.827  1.344E-03  1.344E-03  0.000E+00
                                         15      5.870  2.281E-02  2.281E-02  0.000E+00
                                         14      5.872  1.996E-02  1.996E-02  0.000E+00
                                         13      5.895  4.277E-04  4.277E-04  0.000E+00
                                         12      5.914  3.259E-04  3.259E-04  0.000E+00
                                          9      5.983  9.472E-03  9.472E-03  0.000E+00
                                          8      6.053  1.915E-02  1.915E-02  0.000E+00
                                          7      6.063  7.536E-04  7.536E-04  0.000E+00
                                          6      6.072  2.953E-03  2.953E-03  0.000E+00
                                          3      6.189  3.259E-04  3.259E-04  0.000E+00
