171Yb  171   70   33   23   16    5    6.614207    6.800475
  1   0.000000   0.5 -1  -1.00E+00  0 0                    1/2-  0                      
  2   0.066721   1.5 -1   0.00E+00  1 0                    3/2-  0                      
                                          1      0.067  1.000E+00  1.000E+00  0.000E+00
  3   0.075878   2.5 -1   0.00E+00  2 0                    5/2-  0                      
                                          2      0.009  2.439E-02  2.439E-02  0.000E+00
                                          1      0.076  9.756E-01  9.756E-01  0.000E+00
  4   0.095272   3.5  1   0.00E+00  1 0                    7/2+  0                      
                                          3      0.019  1.000E+00  1.000E+00  0.000E+00
  5   0.122419   2.5 -1   0.00E+00  4 0                    5/2-  0                      
                                          4      0.027  3.578E-01  3.578E-01  0.000E+00
                                          3      0.047  7.666E-02  7.666E-02  0.000E+00
                                          2      0.056  5.622E-01  5.622E-01  0.000E+00
                                          1      0.122  3.407E-03  3.407E-03  0.000E+00
  6   0.765190   1.5  1   0.00E+00  2 0                  (3/2+)  0                      
                                          4      0.670  6.977E-01  6.977E-01  0.000E+00
                                          2      0.698  3.023E-01  3.023E-01  0.000E+00
  7   0.906150   0.5  0   0.00E+00  1 1                 1/2,3/2  0                      
                                          1      0.906  1.000E+00  1.000E+00  0.000E+00
  8   0.953800   0.5 -1   0.00E+00  0 0                  (1/2-)  0                      
  9   0.984500   0.5 -1   0.00E+00  0 1             (1/2-,3/2-)  0                      
 10   0.990200   1.5 -1   0.00E+00  2 0                  (3/2-)  0                      
                                          5      0.870  3.377E-01  3.377E-01  0.000E+00
                                          1      0.990  6.623E-01  6.623E-01  0.000E+00
 11   1.331830   1.5 -1   0.00E+00  1 0                  (3/2-)  0                      
                                          2      1.265  1.000E+00  1.000E+00  0.000E+00
 12   1.388300   0.5  0   0.00E+00  0 1               (1/2,3/2)  0                      
 13   1.436200   0.5  0   0.00E+00  0 1                 1/2,3/2  0                      
 14   1.493700   0.5  0   0.00E+00  1 1               (1/2,3/2)  0                      
                                          5      1.371  1.000E+00  1.000E+00  0.000E+00
 15   1.536520   0.5  0   0.00E+00  1 1                 1/2,3/2  0                      
                                          2      1.470  1.000E+00  1.000E+00  0.000E+00
 16   1.703400   0.5  0   0.00E+00  0 1                 1/2,3/2  0                      
 17   1.716700   0.5  0   0.00E+00  0 1                 1/2,3/2  0                      
 18   1.831100   0.5  0   0.00E+00  0 1                 1/2,3/2  0                      
 19   1.869310   0.5 -1   0.00E+00  1 1             (1/2-,3/2-)  0                      
                                          7      0.963  1.000E+00  1.000E+00  0.000E+00
 20   1.889000   0.5 -1   0.00E+00  0 1             (1/2-,3/2-)  0                      
 21   1.907900   0.5  0   0.00E+00  1 1                 1/2,3/2  0                      
                                          9      0.923  1.000E+00  1.000E+00  0.000E+00
 22   1.971800   0.5  0   0.00E+00  0 1                 1/2,3/2  0                      
 23   2.006800   0.5  0   0.00E+00  0 1                 1/2,3/2  0                      
 24   2.045100   0.5  0   0.00E+00  1 1                 1/2,3/2  0                      
                                          7      1.139  1.000E+00  1.000E+00  0.000E+00
 25   2.090030   0.5 -1   0.00E+00  1 1             (1/2-,3/2-)  0                      
                                         10      1.100  1.000E+00  1.000E+00  0.000E+00
 26   2.262200   0.5  0   0.00E+00  0 1                 1/2,3/2  0                      
 27   2.290800   0.5  0   0.00E+00  0 1                 1/2,3/2  0                      
 28   2.373600   0.5 -1   0.00E+00  0 1             (1/2-,3/2-)  0                      
 29   2.446500   0.5  0   0.00E+00  0 1                 1/2,3/2  0                      
 30   2.468700   0.5 -1   0.00E+00  0 1             (1/2-,3/2-)  0                      
 31   2.477800   0.5 -1   0.00E+00  2 1             (1/2-,3/2-)  0                      
                                         16      0.774  6.087E-01  6.087E-01  0.000E+00
                                          9      1.493  3.913E-01  3.913E-01  0.000E+00
 32   2.494700   0.5 -1   0.00E+00  0 1             (1/2-,3/2-)  0                      
 33   6.618800   0.5  1   0.00E+00  1 0                    1/2+  0                      
                                          7      5.713  1.000E+00  1.000E+00  0.000E+00
