177Hf  177   72    5    5    4    2    6.375636    6.787383
  1   0.000000   3.5 -1  -1.00E+00  0 0                    7/2-  0                      
  2   0.112900   4.5 -1   0.00E+00  1 0                    9/2-  0                      
                                          1      0.113  1.000E+00  1.000E+00  0.000E+00
  3   0.508290   2.5 -1   0.00E+00  2 0                  (5/2)-  0                      
                                          2      0.395  9.012E-02  9.012E-02  0.000E+00
                                          1      0.508  9.099E-01  9.099E-01  0.000E+00
  4   0.623000   1.5 -1   0.00E+00  1 0                  (3/2-)  0                      
                                          1      0.623  1.000E+00  1.000E+00  0.000E+00
  5   6.385800  -1.0  0   0.00E+00  1 0                          0                      
                                          4      5.763  1.000E+00  1.000E+00  0.000E+00
