185Os  185   76   31   97   29    2    6.624661    5.875060
  1   0.000000   0.5 -1  -1.00E+00  0 0                    1/2-  0                      
  2   0.037180   1.5 -1   0.00E+00  1 0                    3/2-  0                      
                                          1      0.037  1.000E+00  1.000E+00  0.000E+00
  3   0.097510   2.5 -1   0.00E+00  2 0                  (5/2)-  0                      
                                          2      0.060  6.205E-01  6.205E-01  0.000E+00
                                          1      0.098  3.795E-01  3.795E-01  0.000E+00
  4   0.101560   3.5 -1   0.00E+00  2 0                  (7/2-)  0                      
                                          3      0.005  0.000E+00  0.000E+00  0.000E+00
                                          2      0.066  0.000E+00  0.000E+00  0.000E+00
  5   0.128130   1.5 -1   0.00E+00  3 0                  (3/2)-  0                      
                                          3      0.030  1.086E-03  1.086E-03  0.000E+00
                                          2      0.091  6.515E-01  6.515E-01  0.000E+00
                                          1      0.128  3.474E-01  3.474E-01  0.000E+00
  6   0.198080   3.5 -1   0.00E+00  2 0                  (7/2)-  0                      
                                          3      0.101  5.882E-01  5.882E-01  0.000E+00
                                          2      0.161  4.118E-01  4.118E-01  0.000E+00
  7   0.222380   2.5 -1   0.00E+00  5 0                  (5/2)-  0                      
                                          6      0.024  5.319E-03  5.319E-03  0.000E+00
                                          5      0.095  1.330E-01  1.330E-01  0.000E+00
                                          3      0.125  1.064E-02  1.064E-02  0.000E+00
                                          2      0.185  2.926E-01  2.926E-01  0.000E+00
                                          1      0.222  5.585E-01  5.585E-01  0.000E+00
  8   0.260000   4.5 -1   0.00E+00  1 0                  (9/2-)  0                      
                                          4      0.158  1.000E+00  1.000E+00  0.000E+00
  9   0.319400  -1.0  0   0.00E+00  0 0                          0                      
 10   0.353240   3.5 -1   0.00E+00  5 0                  (7/2)-  0                      
                                          9      0.034  6.814E-04  6.814E-04  0.000E+00
                                          6      0.155  9.993E-02  9.993E-02  0.000E+00
                                          5      0.225  1.090E-01  1.090E-01  0.000E+00
                                          3      0.256  6.814E-01  6.814E-01  0.000E+00
                                          2      0.316  1.090E-01  1.090E-01  0.000E+00
 11   0.406450   0.5 -1   0.00E+00  3 1              (1/2-,3/2)  0                      
                                          7      0.184  3.571E-01  3.571E-01  0.000E+00
                                          5      0.278  9.341E-02  9.341E-02  0.000E+00
                                          1      0.406  5.495E-01  5.495E-01  0.000E+00
 12   0.468630   0.5 -1   0.00E+00  5 1              (1/2-,3/2)  0                      
                                         11      0.062  0.000E+00  0.000E+00  0.000E+00
                                          7      0.246  1.052E-02  1.052E-02  0.000E+00
                                          5      0.341  4.311E-02  4.311E-02  0.000E+00
                                          2      0.431  9.464E-01  9.464E-01  0.000E+00
                                          1      0.469  0.000E+00  0.000E+00  0.000E+00
 13   0.504800  -1.0  0   0.00E+00  5 0                          0                      
                                          7      0.282  4.610E-02  4.610E-02  0.000E+00
                                          6      0.307  6.383E-02  6.383E-02  0.000E+00
                                          5      0.377  1.809E-01  1.809E-01  0.000E+00
                                          3      0.407  7.092E-01  7.092E-01  0.000E+00
                                          1      0.505  0.000E+00  0.000E+00  0.000E+00
 14   0.538800  -1.0  0   0.00E+00  3 0                          0                      
                                          5      0.411  0.000E+00  0.000E+00  0.000E+00
                                          2      0.502  6.883E-02  6.883E-02  0.000E+00
                                          1      0.539  9.312E-01  9.312E-01  0.000E+00
 15   0.627060  -1.0  0   0.00E+00  3 0                          0                      
                                          4      0.525  0.000E+00  0.000E+00  0.000E+00
                                          2      0.590  8.313E-01  8.313E-01  0.000E+00
                                          1      0.627  1.687E-01  1.687E-01  0.000E+00
 16   0.640970   1.5 -1   0.00E+00  2 1            (3/2-, 5/2+)  0                      
                                          5      0.513  7.925E-01  7.925E-01  0.000E+00
                                          4      0.539  2.075E-01  2.075E-01  0.000E+00
 17   0.646300  -1.0  0   0.00E+00  6 0                          0                      
                                         13      0.141  0.000E+00  0.000E+00  0.000E+00
                                         12      0.178  0.000E+00  0.000E+00  0.000E+00
                                          6      0.448  5.000E-01  5.000E-01  0.000E+00
                                          3      0.549  0.000E+00  0.000E+00  0.000E+00
                                          2      0.609  5.000E-01  5.000E-01  0.000E+00
                                          1      0.646  0.000E+00  0.000E+00  0.000E+00
 18   0.745420  -1.0  0   0.00E+00  4 0                          0                      
                                         16      0.104  0.000E+00  0.000E+00  0.000E+00
                                          7      0.523  0.000E+00  0.000E+00  0.000E+00
                                          4      0.644  1.000E+00  1.000E+00  0.000E+00
                                          1      0.745  0.000E+00  0.000E+00  0.000E+00
 19   0.797000   0.5  0   0.00E+00  3 1          (1/2,3/2,5/2+)  0                      
                                          5      0.669  7.476E-01  7.476E-01  0.000E+00
                                          2      0.760  2.524E-01  2.524E-01  0.000E+00
                                          1      0.797  0.000E+00  0.000E+00  0.000E+00
 20   0.843100   1.5 -1   0.00E+00  6 1             (3/2-,5/2+)  0                      
                                         16      0.202  0.000E+00  0.000E+00  0.000E+00
                                         10      0.490  1.364E-01  1.364E-01  0.000E+00
                                          7      0.621  2.500E-01  2.500E-01  0.000E+00
                                          4      0.742  3.712E-01  3.712E-01  0.000E+00
                                          3      0.746  2.424E-01  2.424E-01  0.000E+00
                                          1      0.843  0.000E+00  0.000E+00  0.000E+00
 21   0.879700   0.5  0   0.00E+00  3 1          (1/2,3/2,5/2+)  0                      
                                          5      0.751  6.215E-01  6.215E-01  0.000E+00
                                          2      0.843  3.785E-01  3.785E-01  0.000E+00
                                          1      0.880  0.000E+00  0.000E+00  0.000E+00
 22   0.965400   0.5  0   0.00E+00  2 1               (1/2,3/2)  0                      
                                          5      0.837  4.231E-01  4.231E-01  0.000E+00
                                          1      0.965  5.769E-01  5.769E-01  0.000E+00
 23   1.060700  -1.0  0   0.00E+00  3 0                          0                      
                                         21      0.181  1.153E-01  1.153E-01  0.000E+00
                                         16      0.420  2.413E-01  2.413E-01  0.000E+00
                                         14      0.522  6.434E-01  6.434E-01  0.000E+00
 24   1.116100   1.5 -1   0.00E+00  3 1             (3/2-,5/2+)  0                      
                                          4      1.014  5.060E-01  5.060E-01  0.000E+00
                                          2      1.079  4.940E-01  4.940E-01  0.000E+00
                                          1      1.116  0.000E+00  0.000E+00  0.000E+00
 25   1.178900   0.5  0   0.00E+00  3 1          (1/2,3/2,5/2+)  0                      
                                         20      0.336  5.000E-01  5.000E-01  0.000E+00
                                         19      0.382  5.000E-01  5.000E-01  0.000E+00
                                          1      1.179  0.000E+00  0.000E+00  0.000E+00
 26   1.209500   0.5 -1   0.00E+00  1 0                    1/2-  0                      
                                          1      1.210  0.000E+00  0.000E+00  0.000E+00
 27   1.353500   0.5  0   0.00E+00  1 1          (1/2,3/2,5/2+)  0                      
                                          1      1.353  0.000E+00  0.000E+00  0.000E+00
 28   1.418500   0.5  0   0.00E+00  1 1          (1/2,3/2,5/2+)  0                      
                                          1      1.419  0.000E+00  0.000E+00  0.000E+00
 29   1.506600   0.5  0   0.00E+00  1 1          (1/2,3/2,5/2+)  0                      
                                          1      1.506  0.000E+00  0.000E+00  0.000E+00
 30   1.540600   0.5  0   0.00E+00  1 1          (1/2,3/2,5/2+)  0                      
                                          1      1.540  0.000E+00  0.000E+00  0.000E+00
 31   6.624520   0.5  1   0.00E+00 17 0                    1/2+  0                      
                                         30      5.084  4.683E-02  4.683E-02  0.000E+00
                                         29      5.118  3.150E-02  3.150E-02  0.000E+00
                                         28      5.206  2.384E-02  2.384E-02  0.000E+00
                                         27      5.271  2.767E-02  2.767E-02  0.000E+00
                                         26      5.415  2.001E-02  2.001E-02  0.000E+00
                                         25      5.446  2.767E-02  2.767E-02  0.000E+00
                                         24      5.508  3.150E-02  3.150E-02  0.000E+00
                                         23      5.564  3.831E-02  3.831E-02  0.000E+00
                                         22      5.659  2.001E-02  2.001E-02  0.000E+00
                                         21      5.745  3.831E-02  3.831E-02  0.000E+00
                                         20      5.781  2.001E-02  2.001E-02  0.000E+00
                                         19      5.827  1.192E-02  1.192E-02  0.000E+00
                                         16      5.983  2.767E-02  2.767E-02  0.000E+00
                                         12      6.156  1.873E-01  1.873E-01  0.000E+00
                                         11      6.218  1.575E-02  1.575E-02  0.000E+00
                                          5      6.496  3.576E-02  3.576E-02  0.000E+00
                                          2      6.587  3.959E-01  3.959E-01  0.000E+00
