193Os  193   76   48   32   16    1    5.583416    9.094544
  1   0.000000   1.5 -1  -1.00E+00  0 0                    3/2-  0                      
  2   0.041330   0.5 -1   0.00E+00  1 0                  (1/2)-  0                      
                                          1      0.042  1.000E+00  1.000E+00  0.000E+00
  3   0.073420   2.5 -1   0.00E+00  1 0                  (5/2)-  0                      
                                          1      0.073  1.000E+00  1.000E+00  0.000E+00
  4   0.102660   1.5 -1   0.00E+00  1 0                  (3/2)-  0                      
                                          1      0.103  1.000E+00  1.000E+00  0.000E+00
  5   0.233880   0.5 -1   0.00E+00  3 1               1/2-,3/2-  0                      
                                          4      0.131  9.723E-01  9.723E-01  0.000E+00
                                          2      0.192  1.069E-02  1.069E-02  0.000E+00
                                          1      0.234  1.704E-02  1.704E-02  0.000E+00
  6   0.295560   2.5 -1   0.00E+00  4 0                  (5/2-)  0                      
                                          4      0.193  3.523E-02  3.523E-02  0.000E+00
                                          3      0.223  1.355E-01  1.355E-01  0.000E+00
                                          2      0.254  3.324E-01  3.324E-01  0.000E+00
                                          1      0.295  4.968E-01  4.968E-01  0.000E+00
  7   0.307060   0.5 -1   0.00E+00  3 1               1/2-,3/2-  0                      
                                          4      0.204  3.894E-01  3.894E-01  0.000E+00
                                          2      0.266  4.856E-01  4.856E-01  0.000E+00
                                          1      0.307  1.250E-01  1.250E-01  0.000E+00
  8   0.399018   2.5 -1   0.00E+00  0 0                  (5/2)-  0                      
  9   0.434980   0.5 -1   0.00E+00  4 1               1/2-,3/2-  0                      
                                          7      0.128  1.238E-01  1.238E-01  0.000E+00
                                          5      0.201  3.619E-01  3.619E-01  0.000E+00
                                          2      0.394  3.619E-01  3.619E-01  0.000E+00
                                          1      0.435  1.524E-01  1.524E-01  0.000E+00
 10   0.455470   2.5 -1   0.00E+00  1 0                  (5/2)-  0                      
                                          1      0.455  1.000E+00  1.000E+00  0.000E+00
 11   0.544780   2.5 -1   0.00E+00  2 1             (5/2-,7/2-)  0                      
                                          7      0.238  2.759E-01  2.759E-01  0.000E+00
                                          3      0.472  7.241E-01  7.241E-01  0.000E+00
 12   0.709540   2.5 -1   0.00E+00  1 1             (5/2-,7/2-)  0                      
                                          1      0.710  1.000E+00  1.000E+00  0.000E+00
 13   0.888624  -1.0  0   0.00E+00  0 0                          0                      
 14   0.889420  -1.0  0   0.00E+00  2 0                          0                      
                                          5      0.656  4.310E-01  4.310E-01  0.000E+00
                                          4      0.787  5.690E-01  5.690E-01  0.000E+00
 15   1.053800   0.5 -1   0.00E+00  1 1               1/2-,3/2-  0                      
                                          4      0.951  1.000E+00  1.000E+00  0.000E+00
 16   1.085385   0.5 -1   0.00E+00  0 1             (1/2-,3/2-)  0                      
 17   1.170860   0.5  1   0.00E+00  0 1             (1/2+,3/2+)  0                      
 18   1.178655   0.5 -1   0.00E+00  0 1               1/2-,3/2-  0                      
 19   1.216300   0.5 -1   0.00E+00  1 1           1/2(-),3/2(-)  0                      
                                         14      0.327  1.000E+00  1.000E+00  0.000E+00
 20   1.281466   0.5 -1   0.00E+00  0 1               1/2-,3/2-  0                      
 21   1.288340   0.5 -1   0.00E+00  1 1               1/2-,3/2-  0                      
                                         14      0.399  1.000E+00  1.000E+00  0.000E+00
 22   1.333500  -1.0  0   0.00E+00  0 0                          0                      
 23   1.358500  -1.0  0   0.00E+00  0 0                          0                      
 24   1.385400   0.5 -1   0.00E+00  0 1           1/2(-),3/2(-)  0                      
 25   1.458700   2.5 -1   0.00E+00  1 1               5/2-,7/2-  0                      
                                         19      0.242  1.000E+00  1.000E+00  0.000E+00
 26   1.501500  -1.0  0   0.00E+00  0 0                          0                      
 27   1.514600   0.5 -1   0.00E+00  0 1               1/2-,3/2-  0                      
 28   1.523900  -1.0  0   0.00E+00  0 0                          0                      
 29   1.530200  -1.0  0   0.00E+00  0 0                          0                      
 30   1.590800   0.5 -1   0.00E+00  0 1               1/2-,3/2-  0                      
 31   1.603300  -1.0  0   0.00E+00  0 0                          0                      
 32   1.682800  -1.0  0   0.00E+00  0 0                          0                      
 33   1.765000  -1.0  0   0.00E+00  0 0                          0                      
 34   1.784900  -1.0  0   0.00E+00  0 0                          0                      
 35   1.830300  -1.0  0   0.00E+00  0 0                          0                      
 36   1.838600  -1.0  0   0.00E+00  0 0                          0                      
 37   1.848300  -1.0  0   0.00E+00  0 0                          0                      
 38   1.914800  -1.0  0   0.00E+00  0 0                          0                      
 39   2.048300  -1.0  0   0.00E+00  0 0                          0                      
 40   2.063900  -1.0  0   0.00E+00  0 0                          0                      
 41   2.077000  -1.0  0   0.00E+00  0 0                          0                      
 42   2.090000  -1.0  0   0.00E+00  0 0                          0                      
 43   2.098100  -1.0  0   0.00E+00  0 0                          0                      
 44   2.131300  -1.0  0   0.00E+00  0 0                          0                      
 45   2.190000  -1.0  0   0.00E+00  0 0                          0                      
 46   2.220100  -1.0  0   0.00E+00  0 0                          0                      
 47   2.242700  -1.0  0   0.00E+00  0 0                          0                      
 48   5.584010   0.5  1   0.00E+00  5 0                    1/2+  0                      
                                         31      3.981  1.023E-01  1.023E-01  0.000E+00
                                         15      4.530  2.632E-01  2.632E-01  0.000E+00
                                         14      4.694  7.310E-02  7.310E-02  0.000E+00
                                          7      5.277  3.392E-01  3.392E-01  0.000E+00
                                          1      5.584  2.222E-01  2.222E-01  0.000E+00
