198Au  198   79  124  947  123   29    6.512359    6.449989
  1   0.000000   2.0 -1   2.33E+05  0 0                      2-  0                      
  2   0.055181   1.0 -1   0.00E+00  1 0                      1-  0                      
                                          1      0.055  1.000E+00  1.000E+00  0.000E+00
  3   0.091005   0.0 -1   0.00E+00  2 0                      0-  0                      
                                          2      0.036  5.824E-01  5.824E-01  0.000E+00
                                          1      0.091  4.176E-01  4.176E-01  0.000E+00
  4   0.192944   1.0 -1   7.00E-10  3 0                      1-  0                      
                                          3      0.102  3.177E-01  3.177E-01  0.000E+00
                                          2      0.138  1.157E-01  1.157E-01  0.000E+00
                                          1      0.193  5.667E-01  5.667E-01  0.000E+00
  5   0.214971   4.0 -1   4.00E-10  1 0                      4-  0                      
                                          1      0.215  1.000E+00  1.000E+00  0.000E+00
  6   0.236045   3.0 -1   1.50E-10  2 0                      3-  0                      
                                          2      0.181  1.332E-01  1.332E-01  0.000E+00
                                          1      0.236  8.668E-01  8.668E-01  0.000E+00
  7   0.247573   1.0 -1   4.00E-10  3 0                      1-  0                      
                                          3      0.157  4.839E-03  4.839E-03  0.000E+00
                                          2      0.192  4.103E-01  4.103E-01  0.000E+00
                                          1      0.248  5.849E-01  5.849E-01  0.000E+00
  8   0.259339   1.0 -1   2.00E-10  4 0                      1-  0                      
                                          4      0.066  9.221E-02  9.221E-02  0.000E+00
                                          3      0.168  7.903E-01  7.903E-01  0.000E+00
                                          2      0.204  1.126E-01  1.126E-01  0.000E+00
                                          1      0.259  4.830E-03  4.830E-03  0.000E+00
  9   0.261404   2.0 -1   2.00E-10  3 0                      2-  0                      
                                          3      0.170  6.464E-02  6.464E-02  0.000E+00
                                          2      0.206  3.385E-02  3.385E-02  0.000E+00
                                          1      0.261  9.015E-01  9.015E-01  0.000E+00
 10   0.312222   5.0  1   1.24E-07  1 0                      5+  0                      
                                          5      0.097  1.000E+00  1.000E+00  0.000E+00
 11   0.328484   3.0 -1   1.50E-10  3 0                      3-  0                      
                                          5      0.114  5.009E-02  5.009E-02  0.000E+00
                                          2      0.273  2.317E-02  2.317E-02  0.000E+00
                                          1      0.328  9.267E-01  9.267E-01  0.000E+00
 12   0.339291   1.0 -1   4.00E-10  3 0                      1-  0                      
                                          4      0.146  6.324E-01  6.324E-01  0.000E+00
                                          2      0.284  2.353E-01  2.353E-01  0.000E+00
                                          1      0.339  1.324E-01  1.324E-01  0.000E+00
 13   0.346905   2.0 -1   1.50E-10  6 0                      2-  0                      
                                          7      0.099  4.427E-02  4.427E-02  0.000E+00
                                          5      0.132  9.067E-02  9.067E-02  0.000E+00
                                          4      0.154  3.733E-02  3.733E-02  0.000E+00
                                          3      0.256  3.307E-02  3.307E-02  0.000E+00
                                          2      0.292  5.600E-01  5.600E-01  0.000E+00
                                          1      0.347  2.347E-01  2.347E-01  0.000E+00
 14   0.362900   2.0 -1   1.50E-10  4 0                      2-  0                      
                                          8      0.104  2.592E-01  2.592E-01  0.000E+00
                                          4      0.170  9.663E-02  9.663E-02  0.000E+00
                                          3      0.272  3.067E-01  3.067E-01  0.000E+00
                                          2      0.308  3.374E-01  3.374E-01  0.000E+00
 15   0.368252   1.0 -1   1.50E-10  5 0                      1-  0                      
                                          8      0.109  3.245E-01  3.245E-01  0.000E+00
                                          4      0.175  1.202E-01  1.202E-01  0.000E+00
                                          3      0.277  3.329E-01  3.329E-01  0.000E+00
                                          2      0.313  6.250E-02  6.250E-02  0.000E+00
                                          1      0.368  1.599E-01  1.599E-01  0.000E+00
 16   0.381200   3.0  1   2.30E-09  3 0                      3+  0                      
                                          6      0.145  1.230E-01  1.230E-01  0.000E+00
                                          5      0.166  7.462E-02  7.462E-02  0.000E+00
                                          1      0.381  8.024E-01  8.024E-01  0.000E+00
 17   0.406009   2.0 -1   0.00E+00  7 0                      2-  0                      
                                          9      0.145  6.322E-02  6.322E-02  0.000E+00
                                          8      0.147  9.835E-02  9.835E-02  0.000E+00
                                          7      0.158  4.408E-01  4.408E-01  0.000E+00
                                          6      0.170  0.000E+00  0.000E+00  0.000E+00
                                          4      0.213  3.302E-02  3.302E-02  0.000E+00
                                          2      0.351  3.512E-01  3.512E-01  0.000E+00
                                          1      0.406  1.335E-02  1.335E-02  0.000E+00
 18   0.449571   3.0 -1   0.00E+00  7 0                      3-  0                      
                                         11      0.121  4.003E-02  4.003E-02  0.000E+00
                                          9      0.188  4.586E-01  4.586E-01  0.000E+00
                                          7      0.202  4.950E-02  4.950E-02  0.000E+00
                                          6      0.214  1.092E-02  1.092E-02  0.000E+00
                                          5      0.235  6.624E-02  6.624E-02  0.000E+00
                                          2      0.394  1.077E-02  1.077E-02  0.000E+00
                                          1      0.450  3.640E-01  3.640E-01  0.000E+00
 19   0.453827   2.0 -1   0.00E+00  5 0                      2-  0                      
                                         13      0.107  7.923E-02  7.923E-02  0.000E+00
                                         11      0.125  6.375E-02  6.375E-02  0.000E+00
                                          4      0.261  7.559E-01  7.559E-01  0.000E+00
                                          2      0.399  4.736E-02  4.736E-02  0.000E+00
                                          1      0.454  5.373E-02  5.373E-02  0.000E+00
 20   0.482325   4.0  1   0.00E+00  2 0                      4+  0                      
                                         10      0.170  1.000E+00  1.000E+00  0.000E+00
                                          1      0.482  0.000E+00  0.000E+00  0.000E+00
 21   0.495511   1.0 -1   0.00E+00  8 0                      1-  0                      
                                         13      0.149  2.662E-02  2.662E-02  0.000E+00
                                          9      0.234  5.828E-02  5.828E-02  0.000E+00
                                          8      0.236  1.871E-01  1.871E-01  0.000E+00
                                          7      0.248  4.821E-02  4.821E-02  0.000E+00
                                          6      0.259  0.000E+00  0.000E+00  0.000E+00
                                          4      0.303  1.065E-02  1.065E-02  0.000E+00
                                          3      0.405  2.159E-02  2.159E-02  0.000E+00
                                          2      0.440  6.476E-01  6.476E-01  0.000E+00
 22   0.511518   3.0 -1   0.00E+00  5 0                      3-  0                      
                                         14      0.149  0.000E+00  0.000E+00  0.000E+00
                                          9      0.250  6.516E-02  6.516E-02  0.000E+00
                                          6      0.275  5.514E-02  5.514E-02  0.000E+00
                                          5      0.297  2.757E-02  2.757E-02  0.000E+00
                                          1      0.512  8.521E-01  8.521E-01  0.000E+00
 23   0.516384   6.0  1   0.00E+00  1 0                      6+  0                      
                                         10      0.204  1.000E+00  1.000E+00  0.000E+00
 24   0.529166   3.0 -1   0.00E+00  7 0                      3-  0                      
                                         17      0.123  1.433E-02  1.433E-02  0.000E+00
                                         13      0.182  2.329E-02  2.329E-02  0.000E+00
                                          9      0.268  3.314E-02  3.314E-02  0.000E+00
                                          6      0.293  4.523E-02  4.523E-02  0.000E+00
                                          5      0.314  1.343E-02  1.343E-02  0.000E+00
                                          2      0.474  1.970E-02  1.970E-02  0.000E+00
                                          1      0.529  8.509E-01  8.509E-01  0.000E+00
 25   0.530478   1.0 -1   0.00E+00  6 0                      1-  0                      
                                         12      0.191  2.632E-01  2.632E-01  0.000E+00
                                          9      0.269  2.266E-01  2.266E-01  0.000E+00
                                          8      0.271  1.520E-01  1.520E-01  0.000E+00
                                          7      0.283  2.193E-02  2.193E-02  0.000E+00
                                          4      0.338  2.602E-01  2.602E-01  0.000E+00
                                          1      0.530  7.602E-02  7.602E-02  0.000E+00
 26   0.544009   4.0 -1   0.00E+00  4 0                      4-  0                      
                                         17      0.138  2.270E-01  2.270E-01  0.000E+00
                                         11      0.216  5.876E-02  5.876E-02  0.000E+00
                                          5      0.329  1.976E-02  1.976E-02  0.000E+00
                                          1      0.544  6.944E-01  6.944E-01  0.000E+00
 27   0.548936   2.0 -1   0.00E+00  4 0                      2-  0                      
                                         17      0.143  1.870E-01  1.870E-01  0.000E+00
                                          7      0.301  0.000E+00  0.000E+00  0.000E+00
                                          5      0.334  3.484E-02  3.484E-02  0.000E+00
                                          1      0.549  7.782E-01  7.782E-01  0.000E+00
 28   0.571244   1.0 -1   0.00E+00  9 0                      1-  0                      
                                         15      0.203  1.683E-01  1.683E-01  0.000E+00
                                         14      0.208  0.000E+00  0.000E+00  0.000E+00
                                         13      0.224  4.923E-02  4.923E-02  0.000E+00
                                         11      0.243  1.616E-02  1.616E-02  0.000E+00
                                          8      0.312  3.453E-01  3.453E-01  0.000E+00
                                          6      0.335  1.102E-02  1.102E-02  0.000E+00
                                          4      0.378  1.308E-01  1.308E-01  0.000E+00
                                          3      0.480  2.204E-02  2.204E-02  0.000E+00
                                          2      0.516  2.572E-01  2.572E-01  0.000E+00
 29   0.625429   3.0 -1   0.00E+00  7 0                      3-  0                      
                                         18      0.176  1.968E-02  1.968E-02  0.000E+00
                                         17      0.219  3.757E-01  3.757E-01  0.000E+00
                                         14      0.263  4.651E-02  4.651E-02  0.000E+00
                                          9      0.364  9.839E-02  9.839E-02  0.000E+00
                                          8      0.366  4.651E-02  4.651E-02  0.000E+00
                                          6      0.389  1.968E-02  1.968E-02  0.000E+00
                                          1      0.625  3.936E-01  3.936E-01  0.000E+00
 30   0.632484   1.0 -1   0.00E+00  8 1                   1-,2-  0                      
                                         17      0.226  4.118E-02  4.118E-02  0.000E+00
                                         15      0.264  5.522E-02  5.522E-02  0.000E+00
                                         14      0.270  3.463E-02  3.463E-02  0.000E+00
                                          9      0.371  4.118E-01  4.118E-01  0.000E+00
                                          8      0.373  1.217E-01  1.217E-01  0.000E+00
                                          6      0.396  6.926E-03  6.926E-03  0.000E+00
                                          2      0.577  2.527E-01  2.527E-01  0.000E+00
                                          1      0.632  7.581E-02  7.581E-02  0.000E+00
 31   0.637122   4.0  1   0.00E+00  2 0                      4+  0                      
                                         20      0.155  6.968E-01  6.968E-01  0.000E+00
                                         10      0.325  3.032E-01  3.032E-01  0.000E+00
 32   0.646414   0.0  1   0.00E+00  2 0                      0+  0                      
                                         28      0.075  8.298E-01  8.298E-01  0.000E+00
                                          2      0.591  1.702E-01  1.702E-01  0.000E+00
 33   0.672656   1.0 -1   0.00E+00 10 1                   1-,2-  0                      
                                         19      0.219  1.141E-01  1.141E-01  0.000E+00
                                         18      0.223  2.427E-02  2.427E-02  0.000E+00
                                         17      0.267  2.104E-01  2.104E-01  0.000E+00
                                         13      0.326  7.201E-02  7.201E-02  0.000E+00
                                         11      0.344  1.780E-02  1.780E-02  0.000E+00
                                          8      0.413  4.207E-02  4.207E-02  0.000E+00
                                          7      0.425  1.780E-02  1.780E-02  0.000E+00
                                          6      0.437  2.670E-02  2.670E-02  0.000E+00
                                          5      0.458  2.994E-02  2.994E-02  0.000E+00
                                          1      0.673  4.450E-01  4.450E-01  0.000E+00
 34   0.696701   8.0  1   0.00E+00  2 0                      8+  0                      
                                         23      0.180  1.000E+00  1.000E+00  0.000E+00
                                          1      0.697  0.000E+00  0.000E+00  0.000E+00
 35   0.702475   2.0 -1   0.00E+00  8 0                      2-  0                      
                                         18      0.253  2.235E-02  2.235E-02  0.000E+00
                                         17      0.296  3.251E-02  3.251E-02  0.000E+00
                                         15      0.334  5.012E-03  5.012E-03  0.000E+00
                                         14      0.340  1.490E-02  1.490E-02  0.000E+00
                                          9      0.441  4.741E-01  4.741E-01  0.000E+00
                                          7      0.455  2.032E-02  2.032E-02  0.000E+00
                                          2      0.647  8.534E-02  8.534E-02  0.000E+00
                                          1      0.702  3.454E-01  3.454E-01  0.000E+00
 36   0.703731   1.0 -1   0.00E+00  9 0                      1-  0                      
                                         27      0.155  2.802E-01  2.802E-01  0.000E+00
                                         17      0.298  4.351E-02  4.351E-02  0.000E+00
                                         12      0.364  1.106E-02  1.106E-02  0.000E+00
                                          8      0.444  4.130E-01  4.130E-01  0.000E+00
                                          7      0.456  1.040E-01  1.040E-01  0.000E+00
                                          4      0.511  2.212E-02  2.212E-02  0.000E+00
                                          3      0.613  7.670E-02  7.670E-02  0.000E+00
                                          2      0.649  2.212E-02  2.212E-02  0.000E+00
                                          1      0.704  2.729E-02  2.729E-02  0.000E+00
 37   0.728685   0.0 -1   0.00E+00  5 0                      0-  0                      
                                         17      0.323  5.172E-02  5.172E-02  0.000E+00
                                         15      0.360  1.828E-01  1.828E-01  0.000E+00
                                          8      0.469  2.793E-01  2.793E-01  0.000E+00
                                          4      0.536  5.172E-02  5.172E-02  0.000E+00
                                          2      0.674  4.345E-01  4.345E-01  0.000E+00
 38   0.745221   1.0 -1   0.00E+00  6 1                   1-,2-  0                      
                                         21      0.250  1.901E-02  1.901E-02  0.000E+00
                                         14      0.382  4.689E-02  4.689E-02  0.000E+00
                                          8      0.486  4.689E-02  4.689E-02  0.000E+00
                                          6      0.509  4.689E-01  4.689E-01  0.000E+00
                                          2      0.690  0.000E+00  0.000E+00  0.000E+00
                                          1      0.745  4.183E-01  4.183E-01  0.000E+00
 39   0.758397   4.0  1   0.00E+00  3 0                      4+  0                      
                                         20      0.276  5.932E-01  5.932E-01  0.000E+00
                                         10      0.446  1.549E-01  1.549E-01  0.000E+00
                                          6      0.522  2.520E-01  2.520E-01  0.000E+00
 40   0.764484   4.0 -1   0.00E+00  7 0                      4-  0                      
                                         24      0.235  4.015E-02  4.015E-02  0.000E+00
                                         18      0.315  7.227E-01  7.227E-01  0.000E+00
                                         17      0.358  3.961E-02  3.961E-02  0.000E+00
                                         14      0.402  5.889E-02  5.889E-02  0.000E+00
                                          7      0.517  3.961E-02  3.961E-02  0.000E+00
                                          5      0.550  9.904E-02  9.904E-02  0.000E+00
                                          1      0.764  0.000E+00  0.000E+00  0.000E+00
 41   0.786539   2.0 -1   0.00E+00 13 0                      2-  0                      
                                         30      0.154  3.819E-02  3.819E-02  0.000E+00
                                         28      0.215  1.649E-01  1.649E-01  0.000E+00
                                         27      0.238  1.910E-02  1.910E-02  0.000E+00
                                         21      0.291  1.302E-02  1.302E-02  0.000E+00
                                         19      0.333  2.604E-02  2.604E-02  0.000E+00
                                         15      0.418  1.910E-02  1.910E-02  0.000E+00
                                         14      0.424  1.302E-02  1.302E-02  0.000E+00
                                         13      0.440  6.076E-02  6.076E-02  0.000E+00
                                         11      0.458  2.517E-01  2.517E-01  0.000E+00
                                          9      0.525  3.038E-01  3.038E-01  0.000E+00
                                          8      0.527  4.514E-02  4.514E-02  0.000E+00
                                          7      0.539  1.302E-02  1.302E-02  0.000E+00
                                          6      0.550  3.212E-02  3.212E-02  0.000E+00
 42   0.789294   1.0 -1   0.00E+00  7 0                      1-  0                      
                                         28      0.218  6.114E-02  6.114E-02  0.000E+00
                                         17      0.383  2.487E-01  2.487E-01  0.000E+00
                                         13      0.442  3.834E-02  3.834E-02  0.000E+00
                                          8      0.530  4.041E-01  4.041E-01  0.000E+00
                                          6      0.553  2.280E-02  2.280E-02  0.000E+00
                                          3      0.698  1.554E-01  1.554E-01  0.000E+00
                                          2      0.734  6.943E-02  6.943E-02  0.000E+00
 43   0.800040   2.0 -1   0.00E+00  8 0                      2-  0                      
                                         18      0.350  7.053E-03  7.053E-03  0.000E+00
                                         16      0.419  6.672E-01  6.672E-01  0.000E+00
                                         14      0.437  1.411E-02  1.411E-02  0.000E+00
                                         13      0.453  2.859E-02  2.859E-02  0.000E+00
                                          7      0.552  9.912E-02  9.912E-02  0.000E+00
                                          6      0.564  2.097E-02  2.097E-02  0.000E+00
                                          2      0.745  9.912E-02  9.912E-02  0.000E+00
                                          1      0.800  6.386E-02  6.386E-02  0.000E+00
 44   0.801706   1.0 -1   0.00E+00 15 1                   1-,2-  0                      
                                         30      0.169  5.289E-02  5.289E-02  0.000E+00
                                         25      0.271  1.215E-01  1.215E-01  0.000E+00
                                         22      0.290  1.072E-02  1.072E-02  0.000E+00
                                         21      0.306  3.716E-02  3.716E-02  0.000E+00
                                         19      0.348  7.933E-02  7.933E-02  0.000E+00
                                         17      0.396  4.788E-02  4.788E-02  0.000E+00
                                         15      0.433  1.572E-02  1.572E-02  0.000E+00
                                         14      0.439  5.289E-03  5.289E-03  0.000E+00
                                         11      0.473  1.072E-02  1.072E-02  0.000E+00
                                          9      0.540  3.502E-01  3.502E-01  0.000E+00
                                          8      0.542  7.433E-02  7.433E-02  0.000E+00
                                          7      0.554  1.058E-02  1.058E-02  0.000E+00
                                          4      0.609  1.072E-02  1.072E-02  0.000E+00
                                          3      0.711  3.716E-02  3.716E-02  0.000E+00
                                          1      0.802  1.358E-01  1.358E-01  0.000E+00
 45   0.810427   3.0  1   0.00E+00  7 0                      3+  0                      
                                         29      0.185  5.865E-02  5.865E-02  0.000E+00
                                         20      0.328  2.411E-02  2.411E-02  0.000E+00
                                         18      0.361  3.584E-02  3.584E-02  0.000E+00
                                         14      0.448  1.629E-01  1.629E-01  0.000E+00
                                         11      0.482  9.612E-02  9.612E-02  0.000E+00
                                          6      0.574  5.865E-01  5.865E-01  0.000E+00
                                          5      0.595  3.584E-02  3.584E-02  0.000E+00
 46   0.824605   3.0  1   0.00E+00  5 0                      3+  0                      
                                         22      0.313  6.053E-02  6.053E-02  0.000E+00
                                         20      0.342  6.053E-02  6.053E-02  0.000E+00
                                         14      0.462  5.973E-02  5.973E-02  0.000E+00
                                          4      0.632  5.811E-01  5.811E-01  0.000E+00
                                          1      0.825  2.381E-01  2.381E-01  0.000E+00
 47   0.835365   3.0 -1   0.00E+00  7 0                      3-  0                      
                                         30      0.203  5.017E-02  5.017E-02  0.000E+00
                                         28      0.264  8.194E-02  8.194E-02  0.000E+00
                                         24      0.306  0.000E+00  0.000E+00  0.000E+00
                                         19      0.382  1.355E-01  1.355E-01  0.000E+00
                                         14      0.472  1.304E-01  1.304E-01  0.000E+00
                                          9      0.574  5.518E-01  5.518E-01  0.000E+00
                                          5      0.620  5.017E-02  5.017E-02  0.000E+00
 48   0.868773   3.0 -1   0.00E+00 10 0                      3-  0                      
                                         29      0.243  0.000E+00  0.000E+00  0.000E+00
                                         24      0.340  3.264E-02  3.264E-02  0.000E+00
                                         20      0.386  0.000E+00  0.000E+00  0.000E+00
                                         19      0.415  3.264E-02  3.264E-02  0.000E+00
                                         18      0.419  1.098E-01  1.098E-01  0.000E+00
                                         13      0.522  2.226E-02  2.226E-02  0.000E+00
                                          8      0.609  1.647E-01  1.647E-01  0.000E+00
                                          5      0.654  6.528E-02  6.528E-02  0.000E+00
                                          2      0.814  3.264E-02  3.264E-02  0.000E+00
                                          1      0.869  5.401E-01  5.401E-01  0.000E+00
 49   0.891615   1.0 -1   0.00E+00 11 1                   1-,2-  0                      
                                         33      0.219  5.067E-02  5.067E-02  0.000E+00
                                         28      0.320  9.501E-03  9.501E-03  0.000E+00
                                         24      0.362  0.000E+00  0.000E+00  0.000E+00
                                         21      0.396  6.334E-02  6.334E-02  0.000E+00
                                         18      0.442  9.374E-03  9.374E-03  0.000E+00
                                          9      0.630  2.787E-02  2.787E-02  0.000E+00
                                          8      0.632  1.077E-01  1.077E-01  0.000E+00
                                          7      0.644  3.737E-02  3.737E-02  0.000E+00
                                          6      0.656  1.520E-01  1.520E-01  0.000E+00
                                          2      0.836  4.814E-01  4.814E-01  0.000E+00
                                          1      0.892  6.081E-02  6.081E-02  0.000E+00
 50   0.894269   3.0 -1   0.00E+00  3 0                      3-  0                      
                                         39      0.136  1.124E-01  1.124E-01  0.000E+00
                                         27      0.345  3.371E-02  3.371E-02  0.000E+00
                                         11      0.566  8.539E-01  8.539E-01  0.000E+00
 51   0.896571   1.0 -1   0.00E+00  9 1                   1-,2-  0                      
                                         30      0.264  3.450E-02  3.450E-02  0.000E+00
                                         29      0.271  0.000E+00  0.000E+00  0.000E+00
                                         28      0.325  1.725E-02  1.725E-02  0.000E+00
                                         18      0.447  3.450E-02  3.450E-02  0.000E+00
                                         17      0.491  1.119E-01  1.119E-01  0.000E+00
                                         13      0.550  3.497E-02  3.497E-02  0.000E+00
                                         11      0.568  6.993E-02  6.993E-02  0.000E+00
                                          9      0.635  5.594E-01  5.594E-01  0.000E+00
                                          7      0.649  1.375E-01  1.375E-01  0.000E+00
 52   0.916437   1.0 -1   0.00E+00  8 1                   1-,2-  0                      
                                         30      0.284  9.293E-02  9.293E-02  0.000E+00
                                         29      0.291  0.000E+00  0.000E+00  0.000E+00
                                         28      0.345  0.000E+00  0.000E+00  0.000E+00
                                         24      0.387  6.103E-02  6.103E-02  0.000E+00
                                         17      0.510  2.635E-01  2.635E-01  0.000E+00
                                          9      0.655  9.709E-02  9.709E-02  0.000E+00
                                          6      0.680  1.387E-01  1.387E-01  0.000E+00
                                          1      0.916  3.467E-01  3.467E-01  0.000E+00
 53   0.918589   1.0 -1   0.00E+00 14 1                   1-,2-  0                      
                                         38      0.173  1.744E-02  1.744E-02  0.000E+00
                                         36      0.215  8.957E-02  8.957E-02  0.000E+00
                                         33      0.246  3.489E-03  3.489E-03  0.000E+00
                                         27      0.370  6.977E-03  6.977E-03  0.000E+00
                                         24      0.389  1.414E-02  1.414E-02  0.000E+00
                                         21      0.423  1.037E-02  1.037E-02  0.000E+00
                                         19      0.465  8.014E-02  8.014E-02  0.000E+00
                                         18      0.469  1.414E-02  1.414E-02  0.000E+00
                                         17      0.513  7.543E-02  7.543E-02  0.000E+00
                                         14      0.556  5.940E-02  5.940E-02  0.000E+00
                                         13      0.572  2.357E-01  2.357E-01  0.000E+00
                                         12      0.579  2.499E-01  2.499E-01  0.000E+00
                                          8      0.659  1.179E-01  1.179E-01  0.000E+00
                                          6      0.683  2.546E-02  2.546E-02  0.000E+00
 54   0.931959   3.0 -1   0.00E+00  4 0                      3-  0                      
                                         27      0.383  1.995E-01  1.995E-01  0.000E+00
                                         26      0.388  9.973E-02  9.973E-02  0.000E+00
                                         16      0.551  2.965E-01  2.965E-01  0.000E+00
                                          9      0.671  4.043E-01  4.043E-01  0.000E+00
 55   0.951452   3.0  1   0.00E+00  3 0                      3+  0                      
                                         10      0.639  9.129E-02  9.129E-02  0.000E+00
                                          9      0.690  8.050E-01  8.050E-01  0.000E+00
                                          4      0.759  1.037E-01  1.037E-01  0.000E+00
 56   0.956957   1.0 -1   0.00E+00 10 1                   1-,2-  0                      
                                         36      0.253  2.391E-02  2.391E-02  0.000E+00
                                         29      0.332  1.179E-02  1.179E-02  0.000E+00
                                         28      0.386  2.391E-02  2.391E-02  0.000E+00
                                         18      0.507  9.723E-02  9.723E-02  0.000E+00
                                         17      0.551  0.000E+00  0.000E+00  0.000E+00
                                         14      0.594  7.013E-02  7.013E-02  0.000E+00
                                          8      0.698  1.179E-01  1.179E-01  0.000E+00
                                          7      0.709  7.013E-02  7.013E-02  0.000E+00
                                          6      0.721  1.068E-01  1.068E-01  0.000E+00
                                          4      0.764  4.782E-01  4.782E-01  0.000E+00
 57   0.960639   3.0  1   0.00E+00  3 0                      3+  0                      
                                         20      0.478  4.762E-02  4.762E-02  0.000E+00
                                         18      0.511  7.143E-01  7.143E-01  0.000E+00
                                         14      0.598  2.381E-01  2.381E-01  0.000E+00
 58   0.971821   3.0 -1   0.00E+00  6 0                      3-  0                      
                                         33      0.299  2.985E-02  2.985E-02  0.000E+00
                                         30      0.339  5.970E-02  5.970E-02  0.000E+00
                                         29      0.346  4.071E-02  4.071E-02  0.000E+00
                                         18      0.522  1.099E-01  1.099E-01  0.000E+00
                                         17      0.566  5.834E-01  5.834E-01  0.000E+00
                                          1      0.972  1.764E-01  1.764E-01  0.000E+00
 59   0.983084   2.0  1   0.00E+00  5 0                      2+  0                      
                                         46      0.158  7.173E-01  7.173E-01  0.000E+00
                                         30      0.351  6.424E-02  6.424E-02  0.000E+00
                                         21      0.488  7.173E-02  7.173E-02  0.000E+00
                                         15      0.615  4.390E-02  4.390E-02  0.000E+00
                                          1      0.983  1.028E-01  1.028E-01  0.000E+00
 60   0.987575   3.0 -1   0.00E+00 11 0                      3-  0                      
                                         30      0.355  1.174E-02  1.174E-02  0.000E+00
                                         29      0.362  4.071E-02  4.071E-02  0.000E+00
                                         25      0.457  5.793E-03  5.793E-03  0.000E+00
                                         21      0.492  6.419E-02  6.419E-02  0.000E+00
                                         19      0.534  4.619E-02  4.619E-02  0.000E+00
                                         18      0.538  1.722E-02  1.722E-02  0.000E+00
                                         13      0.641  4.619E-01  4.619E-01  0.000E+00
                                          9      0.726  3.444E-02  3.444E-02  0.000E+00
                                          7      0.740  2.427E-01  2.427E-01  0.000E+00
                                          6      0.752  4.619E-02  4.619E-02  0.000E+00
                                          5      0.773  2.897E-02  2.897E-02  0.000E+00
 61   0.999194   1.0 -1   0.00E+00  7 1                   1-,2-  0                      
                                         29      0.374  8.333E-02  8.333E-02  0.000E+00
                                         18      0.550  0.000E+00  0.000E+00  0.000E+00
                                         17      0.593  4.111E-01  4.111E-01  0.000E+00
                                         15      0.631  8.333E-02  8.333E-02  0.000E+00
                                         14      0.636  6.111E-02  6.111E-02  0.000E+00
                                          7      0.752  0.000E+00  0.000E+00  0.000E+00
                                          4      0.806  3.611E-01  3.611E-01  0.000E+00
 62   1.018429   1.0 -1   0.00E+00  8 1                   1-,2-  0                      
                                         24      0.489  3.058E-02  3.058E-02  0.000E+00
                                         21      0.523  2.479E-02  2.479E-02  0.000E+00
                                         14      0.656  1.736E-01  1.736E-01  0.000E+00
                                         12      0.679  6.116E-02  6.116E-02  0.000E+00
                                          9      0.757  4.876E-02  4.876E-02  0.000E+00
                                          4      0.825  2.562E-01  2.562E-01  0.000E+00
                                          3      0.927  2.562E-01  2.562E-01  0.000E+00
                                          1      1.018  1.488E-01  1.488E-01  0.000E+00
 63   1.032264   3.0 -1   0.00E+00  9 0                      3-  0                      
                                         29      0.407  9.739E-03  9.739E-03  0.000E+00
                                         27      0.483  9.739E-03  9.739E-03  0.000E+00
                                         26      0.488  6.844E-02  6.844E-02  0.000E+00
                                         22      0.521  2.501E-01  2.501E-01  0.000E+00
                                         15      0.664  7.239E-02  7.239E-02  0.000E+00
                                         12      0.693  1.237E-01  1.237E-01  0.000E+00
                                         11      0.704  0.000E+00  0.000E+00  0.000E+00
                                          9      0.771  2.711E-01  2.711E-01  0.000E+00
                                          6      0.796  1.948E-01  1.948E-01  0.000E+00
 64   1.038276   3.0 -1   0.00E+00  7 0                      3-  0                      
                                         47      0.203  0.000E+00  0.000E+00  0.000E+00
                                         45      0.228  6.790E-02  6.790E-02  0.000E+00
                                         33      0.366  2.284E-01  2.284E-01  0.000E+00
                                         17      0.632  0.000E+00  0.000E+00  0.000E+00
                                          8      0.779  1.358E-01  1.358E-01  0.000E+00
                                          2      0.983  0.000E+00  0.000E+00  0.000E+00
                                          1      1.038  5.679E-01  5.679E-01  0.000E+00
 65   1.047124   1.0 -1   0.00E+00  5 1                   1-,2-  0                      
                                         32      0.401  0.000E+00  0.000E+00  0.000E+00
                                         18      0.598  7.166E-02  7.166E-02  0.000E+00
                                         13      0.700  1.205E-01  1.205E-01  0.000E+00
                                          4      0.854  3.029E-01  3.029E-01  0.000E+00
                                          1      1.047  5.049E-01  5.049E-01  0.000E+00
 66   1.056725   2.0 -1   0.00E+00  6 0                      2-  0                      
                                         41      0.270  4.195E-02  4.195E-02  0.000E+00
                                         40      0.292  1.049E-01  1.049E-01  0.000E+00
                                         30      0.424  1.247E-01  1.247E-01  0.000E+00
                                         18      0.607  6.236E-02  6.236E-02  0.000E+00
                                         12      0.717  2.098E-01  2.098E-01  0.000E+00
                                         11      0.728  4.563E-01  4.563E-01  0.000E+00
 67   1.061284   3.0 -1   0.00E+00  8 0                      3-  0                      
                                         51      0.165  5.424E-01  5.424E-01  0.000E+00
                                         50      0.167  5.682E-02  5.682E-02  0.000E+00
                                         29      0.436  1.911E-02  1.911E-02  0.000E+00
                                         24      0.532  3.822E-02  3.822E-02  0.000E+00
                                         22      0.550  0.000E+00  0.000E+00  0.000E+00
                                         20      0.579  9.556E-02  9.556E-02  0.000E+00
                                          7      0.814  0.000E+00  0.000E+00  0.000E+00
                                          2      1.006  2.479E-01  2.479E-01  0.000E+00
 68   1.075563   1.0 -1   0.00E+00  3 1                1-,2-,3-  0                      
                                         22      0.564  0.000E+00  0.000E+00  0.000E+00
                                         14      0.713  4.824E-02  4.824E-02  0.000E+00
                                          6      0.840  9.518E-01  9.518E-01  0.000E+00
 69   1.092876   0.0 -1   0.00E+00  5 0                      0-  0                      
                                         30      0.460  1.083E-01  1.083E-01  0.000E+00
                                         19      0.639  0.000E+00  0.000E+00  0.000E+00
                                         17      0.687  4.000E-01  4.000E-01  0.000E+00
                                         15      0.725  2.110E-01  2.110E-01  0.000E+00
                                          9      0.831  2.807E-01  2.807E-01  0.000E+00
 70   1.095493   3.0  1   0.00E+00  3 0                      3+  0                      
                                         31      0.458  8.791E-01  8.791E-01  0.000E+00
                                         24      0.566  1.209E-01  1.209E-01  0.000E+00
                                          1      1.095  0.000E+00  0.000E+00  0.000E+00
 71   1.104849   0.0 -1   0.00E+00  4 1                0-,1-,2-  0                      
                                         37      0.376  6.061E-02  6.061E-02  0.000E+00
                                         33      0.432  3.030E-02  3.030E-02  0.000E+00
                                         25      0.574  6.061E-01  6.061E-01  0.000E+00
                                          7      0.857  3.030E-01  3.030E-01  0.000E+00
 72   1.108874   1.0 -1   0.00E+00  7 1                   1-,2-  0                      
                                         47      0.274  4.888E-02  4.888E-02  0.000E+00
                                         35      0.406  0.000E+00  0.000E+00  0.000E+00
                                         29      0.483  0.000E+00  0.000E+00  0.000E+00
                                         12      0.770  1.453E-01  1.453E-01  0.000E+00
                                          8      0.850  2.675E-01  2.675E-01  0.000E+00
                                          6      0.873  3.170E-01  3.170E-01  0.000E+00
                                          4      0.916  2.213E-01  2.213E-01  0.000E+00
 73   1.115279   3.0 -1   0.00E+00  8 0                      3-  0                      
                                         43      0.315  3.822E-02  3.822E-02  0.000E+00
                                         41      0.329  1.414E-01  1.414E-01  0.000E+00
                                         27      0.566  0.000E+00  0.000E+00  0.000E+00
                                         25      0.585  1.541E-01  1.541E-01  0.000E+00
                                         19      0.661  1.185E-01  1.185E-01  0.000E+00
                                         13      0.768  1.032E-01  1.032E-01  0.000E+00
                                         11      0.787  3.325E-01  3.325E-01  0.000E+00
                                          6      0.879  1.121E-01  1.121E-01  0.000E+00
 74   1.124883   2.0 -1   0.00E+00  4 0                      2-  0                      
                                         40      0.360  1.003E-01  1.003E-01  0.000E+00
                                          7      0.877  7.023E-01  7.023E-01  0.000E+00
                                          6      0.889  1.973E-01  1.973E-01  0.000E+00
                                          1      1.125  0.000E+00  0.000E+00  0.000E+00
 75   1.157237   3.0 -1   0.00E+00  7 0                      3-  0                      
                                         44      0.356  3.520E-01  3.520E-01  0.000E+00
                                         39      0.399  1.681E-02  1.681E-02  0.000E+00
                                         33      0.485  1.681E-02  1.681E-02  0.000E+00
                                         30      0.525  3.066E-01  3.066E-01  0.000E+00
                                         11      0.829  5.905E-02  5.905E-02  0.000E+00
                                          7      0.910  1.011E-01  1.011E-01  0.000E+00
                                          1      1.157  1.476E-01  1.476E-01  0.000E+00
 76   1.160018   3.0 -1   0.00E+00  6 0                      3-  0                      
                                         36      0.456  6.184E-01  6.184E-01  0.000E+00
                                         35      0.458  0.000E+00  0.000E+00  0.000E+00
                                         14      0.797  7.763E-02  7.763E-02  0.000E+00
                                          9      0.899  1.974E-01  1.974E-01  0.000E+00
                                          6      0.924  1.066E-01  1.066E-01  0.000E+00
                                          1      1.160  0.000E+00  0.000E+00  0.000E+00
 77   1.191568   1.0  1   0.00E+00  9 1                1+,2+,3+  0                      
                                         63      0.159  2.508E-01  2.508E-01  0.000E+00
                                         56      0.235  1.240E-01  1.240E-01  0.000E+00
                                         48      0.323  0.000E+00  0.000E+00  0.000E+00
                                         46      0.367  2.086E-02  2.086E-02  0.000E+00
                                         41      0.405  2.086E-02  2.086E-02  0.000E+00
                                         28      0.620  0.000E+00  0.000E+00  0.000E+00
                                         14      0.829  0.000E+00  0.000E+00  0.000E+00
                                         11      0.863  4.171E-01  4.171E-01  0.000E+00
                                          5      0.977  1.663E-01  1.663E-01  0.000E+00
 78   1.202272   2.0 -1   0.00E+00  7 0                      2-  0                      
                                         57      0.242  1.488E-01  1.488E-01  0.000E+00
                                         56      0.245  7.510E-01  7.510E-01  0.000E+00
                                         52      0.286  1.001E-01  1.001E-01  0.000E+00
                                         47      0.367  0.000E+00  0.000E+00  0.000E+00
                                         38      0.457  0.000E+00  0.000E+00  0.000E+00
                                         12      0.863  0.000E+00  0.000E+00  0.000E+00
                                          1      1.202  0.000E+00  0.000E+00  0.000E+00
 79   1.209378   3.0 -1   0.00E+00  8 0                      3-  0                      
                                         57      0.249  1.795E-01  1.795E-01  0.000E+00
                                         51      0.313  3.558E-02  3.558E-02  0.000E+00
                                         38      0.464  1.197E-02  1.197E-02  0.000E+00
                                         18      0.760  1.310E-01  1.310E-01  0.000E+00
                                         16      0.828  6.468E-02  6.468E-02  0.000E+00
                                         11      0.881  0.000E+00  0.000E+00  0.000E+00
                                          9      0.948  5.175E-01  5.175E-01  0.000E+00
                                          4      1.016  5.983E-02  5.983E-02  0.000E+00
 80   1.232803   3.0 -1   0.00E+00  8 0                      3-  0                      
                                         59      0.250  0.000E+00  0.000E+00  0.000E+00
                                         54      0.301  0.000E+00  0.000E+00  0.000E+00
                                         48      0.364  4.522E-01  4.522E-01  0.000E+00
                                         43      0.433  6.522E-02  6.522E-02  0.000E+00
                                         38      0.488  0.000E+00  0.000E+00  0.000E+00
                                         19      0.779  0.000E+00  0.000E+00  0.000E+00
                                         18      0.783  4.826E-01  4.826E-01  0.000E+00
                                          1      1.233  0.000E+00  0.000E+00  0.000E+00
 81   1.240381   3.0 -1   0.00E+00  7 0                      3-  0                      
                                         75      0.083  5.000E-01  5.000E-01  0.000E+00
                                         60      0.253  1.088E-01  1.088E-01  0.000E+00
                                         30      0.608  8.824E-02  8.824E-02  0.000E+00
                                         29      0.615  4.412E-02  4.412E-02  0.000E+00
                                         26      0.696  1.294E-01  1.294E-01  0.000E+00
                                         21      0.745  0.000E+00  0.000E+00  0.000E+00
                                          5      1.025  1.294E-01  1.294E-01  0.000E+00
 82   1.256012   1.0 -1   0.00E+00  5 1                   1-,2-  0                      
                                         50      0.362  1.246E-01  1.246E-01  0.000E+00
                                         25      0.726  2.256E-01  2.256E-01  0.000E+00
                                         11      0.928  0.000E+00  0.000E+00  0.000E+00
                                          5      1.041  2.997E-01  2.997E-01  0.000E+00
                                          2      1.201  3.502E-01  3.502E-01  0.000E+00
 83   1.265527   1.0 -1   0.00E+00  6 1                1-,2-,3-  0                      
                                         32      0.619  2.857E-01  2.857E-01  0.000E+00
                                         29      0.640  0.000E+00  0.000E+00  0.000E+00
                                         19      0.812  3.127E-01  3.127E-01  0.000E+00
                                         18      0.816  4.015E-01  4.015E-01  0.000E+00
                                          8      1.006  0.000E+00  0.000E+00  0.000E+00
                                          1      1.266  0.000E+00  0.000E+00  0.000E+00
 84   1.272144   3.0 -1   0.00E+00 12 0                      3-  0                      
                                         56      0.315  0.000E+00  0.000E+00  0.000E+00
                                         50      0.378  6.682E-02  6.682E-02  0.000E+00
                                         46      0.448  4.190E-02  4.190E-02  0.000E+00
                                         45      0.462  0.000E+00  0.000E+00  0.000E+00
                                         30      0.640  5.889E-02  5.889E-02  0.000E+00
                                         24      0.743  4.983E-02  4.983E-02  0.000E+00
                                         21      0.777  1.336E-01  1.336E-01  0.000E+00
                                         19      0.818  8.381E-02  8.381E-02  0.000E+00
                                         18      0.823  1.178E-01  1.178E-01  0.000E+00
                                          8      1.013  6.682E-02  6.682E-02  0.000E+00
                                          4      1.079  2.718E-01  2.718E-01  0.000E+00
                                          1      1.272  1.087E-01  1.087E-01  0.000E+00
 85   1.286750   2.0 -1   0.00E+00 10 0                      2-  0                      
                                         65      0.240  4.320E-02  4.320E-02  0.000E+00
                                         60      0.299  0.000E+00  0.000E+00  0.000E+00
                                         55      0.335  8.641E-02  8.641E-02  0.000E+00
                                         47      0.451  2.131E-02  2.131E-02  0.000E+00
                                         45      0.476  4.263E-02  4.263E-02  0.000E+00
                                         26      0.743  0.000E+00  0.000E+00  0.000E+00
                                         14      0.924  0.000E+00  0.000E+00  0.000E+00
                                          9      1.025  0.000E+00  0.000E+00  0.000E+00
                                          6      1.051  8.065E-01  8.065E-01  0.000E+00
                                          1      1.287  0.000E+00  0.000E+00  0.000E+00
 86   1.293899   1.0 -1   0.00E+00  7 1                   1-,2-  0                      
                                         69      0.201  7.846E-02  7.846E-02  0.000E+00
                                         62      0.275  0.000E+00  0.000E+00  0.000E+00
                                         51      0.397  0.000E+00  0.000E+00  0.000E+00
                                         49      0.402  2.639E-02  2.639E-02  0.000E+00
                                         21      0.798  2.889E-01  2.889E-01  0.000E+00
                                          8      1.035  2.104E-01  2.104E-01  0.000E+00
                                          7      1.046  3.959E-01  3.959E-01  0.000E+00
 87   1.297128   1.0 -1   0.00E+00  9 1                1-,2-,3-  0                      
                                         56      0.340  4.094E-02  4.094E-02  0.000E+00
                                         49      0.406  2.020E-02  2.020E-02  0.000E+00
                                         47      0.462  0.000E+00  0.000E+00  0.000E+00
                                         25      0.767  4.094E-02  4.094E-02  0.000E+00
                                         24      0.768  1.310E-01  1.310E-01  0.000E+00
                                         17      0.891  1.092E-01  1.092E-01  0.000E+00
                                         16      0.916  0.000E+00  0.000E+00  0.000E+00
                                         14      0.934  7.096E-02  7.096E-02  0.000E+00
                                          1      1.297  5.868E-01  5.868E-01  0.000E+00
 88   1.301046   2.0 -1   0.00E+00  6 0                      2-  0                      
                                         50      0.407  0.000E+00  0.000E+00  0.000E+00
                                         45      0.491  7.400E-02  7.400E-02  0.000E+00
                                         30      0.669  3.260E-01  3.260E-01  0.000E+00
                                         26      0.757  0.000E+00  0.000E+00  0.000E+00
                                          6      1.065  3.000E-01  3.000E-01  0.000E+00
                                          1      1.301  3.000E-01  3.000E-01  0.000E+00
 89   1.304830   3.0 -1   0.00E+00 11 0                      3-  0                      
                                         63      0.273  1.334E-01  1.334E-01  0.000E+00
                                         60      0.317  1.772E-01  1.772E-01  0.000E+00
                                         57      0.344  0.000E+00  0.000E+00  0.000E+00
                                         56      0.348  0.000E+00  0.000E+00  0.000E+00
                                         53      0.386  1.474E-02  1.474E-02  0.000E+00
                                         48      0.436  2.947E-02  2.947E-02  0.000E+00
                                         22      0.793  4.381E-02  4.381E-02  0.000E+00
                                         20      0.823  0.000E+00  0.000E+00  0.000E+00
                                         11      0.976  0.000E+00  0.000E+00  0.000E+00
                                          6      1.069  1.035E-01  1.035E-01  0.000E+00
                                          1      1.305  4.978E-01  4.978E-01  0.000E+00
 90   1.306855   2.0 -1   0.00E+00 10 0                      2-  0                      
                                         74      0.182  5.291E-02  5.291E-02  0.000E+00
                                         71      0.202  7.982E-02  7.982E-02  0.000E+00
                                         54      0.375  4.664E-02  4.664E-02  0.000E+00
                                         40      0.542  0.000E+00  0.000E+00  0.000E+00
                                         29      0.681  1.345E-02  1.345E-02  0.000E+00
                                         26      0.763  2.691E-02  2.691E-02  0.000E+00
                                         24      0.778  7.982E-02  7.982E-02  0.000E+00
                                         18      0.857  0.000E+00  0.000E+00  0.000E+00
                                         15      0.939  7.265E-02  7.265E-02  0.000E+00
                                          1      1.307  6.278E-01  6.278E-01  0.000E+00
 91   1.318610   1.0 -1   0.00E+00 12 1                   1-,2-  0                      
                                         57      0.358  2.937E-02  2.937E-02  0.000E+00
                                         47      0.483  2.897E-02  2.897E-02  0.000E+00
                                         44      0.517  0.000E+00  0.000E+00  0.000E+00
                                         41      0.532  0.000E+00  0.000E+00  0.000E+00
                                         38      0.573  2.467E-01  2.467E-01  0.000E+00
                                         36      0.615  0.000E+00  0.000E+00  0.000E+00
                                         27      0.770  0.000E+00  0.000E+00  0.000E+00
                                         25      0.788  2.036E-01  2.036E-01  0.000E+00
                                         22      0.807  8.614E-02  8.614E-02  0.000E+00
                                         19      0.865  1.449E-01  1.449E-01  0.000E+00
                                         15      0.950  1.155E-01  1.155E-01  0.000E+00
                                         12      0.979  1.449E-01  1.449E-01  0.000E+00
 92   1.325843   2.0 -1   0.00E+00  8 0                      2-  0                      
                                         59      0.343  0.000E+00  0.000E+00  0.000E+00
                                         54      0.394  2.846E-01  2.846E-01  0.000E+00
                                         48      0.457  0.000E+00  0.000E+00  0.000E+00
                                         43      0.526  5.692E-02  5.692E-02  0.000E+00
                                         33      0.653  2.846E-02  2.846E-02  0.000E+00
                                         13      0.979  1.824E-01  1.824E-01  0.000E+00
                                          9      1.064  1.242E-01  1.242E-01  0.000E+00
                                          4      1.133  3.234E-01  3.234E-01  0.000E+00
 93   1.335520   1.0 -1   0.00E+00  7 1                1-,2-,3-  0                      
                                         61      0.336  6.667E-02  6.667E-02  0.000E+00
                                         57      0.375  0.000E+00  0.000E+00  0.000E+00
                                         49      0.444  1.978E-01  1.978E-01  0.000E+00
                                         22      0.824  6.667E-02  6.667E-02  0.000E+00
                                          8      1.076  1.489E-01  1.489E-01  0.000E+00
                                          5      1.121  1.644E-01  1.644E-01  0.000E+00
                                          1      1.336  3.556E-01  3.556E-01  0.000E+00
 94   1.338169   3.0 -1   0.00E+00 10 0                      3-  0                      
                                         66      0.281  8.333E-02  8.333E-02  0.000E+00
                                         65      0.291  0.000E+00  0.000E+00  0.000E+00
                                         59      0.355  0.000E+00  0.000E+00  0.000E+00
                                         58      0.366  0.000E+00  0.000E+00  0.000E+00
                                         50      0.444  0.000E+00  0.000E+00  0.000E+00
                                         29      0.713  0.000E+00  0.000E+00  0.000E+00
                                         26      0.794  4.009E-01  4.009E-01  0.000E+00
                                         18      0.889  0.000E+00  0.000E+00  0.000E+00
                                          9      1.077  2.500E-01  2.500E-01  0.000E+00
                                          1      1.338  2.658E-01  2.658E-01  0.000E+00
 95   1.359038   1.0 -1   0.00E+00  7 1                1-,2-,3-  0                      
                                         65      0.312  0.000E+00  0.000E+00  0.000E+00
                                         38      0.614  5.767E-02  5.767E-02  0.000E+00
                                         32      0.713  0.000E+00  0.000E+00  0.000E+00
                                         27      0.810  3.408E-01  3.408E-01  0.000E+00
                                         14      0.996  1.166E-01  1.166E-01  0.000E+00
                                          7      1.111  4.849E-01  4.849E-01  0.000E+00
                                          1      1.359  0.000E+00  0.000E+00  0.000E+00
 96   1.363350   1.0 -1   0.00E+00 16 1                1-,2-,3-  0                      
                                         74      0.238  3.633E-02  3.633E-02  0.000E+00
                                         56      0.406  0.000E+00  0.000E+00  0.000E+00
                                         53      0.445  4.294E-02  4.294E-02  0.000E+00
                                         49      0.472  1.817E-02  1.817E-02  0.000E+00
                                         45      0.553  0.000E+00  0.000E+00  0.000E+00
                                         40      0.599  0.000E+00  0.000E+00  0.000E+00
                                         30      0.731  5.533E-02  5.533E-02  0.000E+00
                                         20      0.881  6.111E-02  6.111E-02  0.000E+00
                                         19      0.910  0.000E+00  0.000E+00  0.000E+00
                                         18      0.914  2.477E-01  2.477E-01  0.000E+00
                                         14      1.000  8.588E-02  8.588E-02  0.000E+00
                                         13      1.016  0.000E+00  0.000E+00  0.000E+00
                                          9      1.102  1.404E-01  1.404E-01  0.000E+00
                                          3      1.272  0.000E+00  0.000E+00  0.000E+00
                                          2      1.308  9.744E-02  9.744E-02  0.000E+00
                                          1      1.363  2.147E-01  2.147E-01  0.000E+00
 97   1.371504   1.0 -1   0.00E+00  7 1                   1-,2-  0                      
                                         68      0.296  1.806E-02  1.806E-02  0.000E+00
                                         56      0.415  1.806E-02  1.806E-02  0.000E+00
                                         44      0.570  5.368E-02  5.368E-02  0.000E+00
                                         29      0.746  3.245E-01  3.245E-01  0.000E+00
                                         28      0.800  7.321E-02  7.321E-02  0.000E+00
                                          2      1.316  5.124E-01  5.124E-01  0.000E+00
                                          1      1.371  0.000E+00  0.000E+00  0.000E+00
 98   1.375993   1.0 -1   0.00E+00 10 1                   1-,2-  0                      
                                         81      0.136  1.996E-01  1.996E-01  0.000E+00
                                         71      0.271  0.000E+00  0.000E+00  0.000E+00
                                         69      0.283  0.000E+00  0.000E+00  0.000E+00
                                         61      0.377  5.988E-02  5.988E-02  0.000E+00
                                         52      0.460  4.391E-02  4.391E-02  0.000E+00
                                         37      0.647  0.000E+00  0.000E+00  0.000E+00
                                         18      0.926  5.988E-02  5.988E-02  0.000E+00
                                         14      1.013  0.000E+00  0.000E+00  0.000E+00
                                          9      1.115  3.553E-01  3.553E-01  0.000E+00
                                          7      1.128  2.814E-01  2.814E-01  0.000E+00
 99   1.380884   3.0 -1   0.00E+00 10 0                      3-  0                      
                                         67      0.320  0.000E+00  0.000E+00  0.000E+00
                                         62      0.362  0.000E+00  0.000E+00  0.000E+00
                                         54      0.449  4.622E-02  4.622E-02  0.000E+00
                                         49      0.489  0.000E+00  0.000E+00  0.000E+00
                                         42      0.592  6.303E-02  6.303E-02  0.000E+00
                                         40      0.616  9.244E-02  9.244E-02  0.000E+00
                                         20      0.899  0.000E+00  0.000E+00  0.000E+00
                                         16      1.000  4.832E-01  4.832E-01  0.000E+00
                                         15      1.013  0.000E+00  0.000E+00  0.000E+00
                                          4      1.188  3.151E-01  3.151E-01  0.000E+00
100   1.390226   2.0 -1   0.00E+00  6 0                      2-  0                      
                                         76      0.230  5.769E-02  5.769E-02  0.000E+00
                                         63      0.358  0.000E+00  0.000E+00  0.000E+00
                                         50      0.496  1.423E-01  1.423E-01  0.000E+00
                                         33      0.718  1.423E-01  1.423E-01  0.000E+00
                                         26      0.846  4.000E-01  4.000E-01  0.000E+00
                                         14      1.027  2.577E-01  2.577E-01  0.000E+00
101   1.396138   3.0 -1   0.00E+00  9 0                      3-  0                      
                                         70      0.301  4.733E-02  4.733E-02  0.000E+00
                                         64      0.358  0.000E+00  0.000E+00  0.000E+00
                                         60      0.409  3.471E-02  3.471E-02  0.000E+00
                                         54      0.464  0.000E+00  0.000E+00  0.000E+00
                                         51      0.500  2.335E-02  2.335E-02  0.000E+00
                                         14      1.033  8.204E-02  8.204E-02  0.000E+00
                                         13      1.049  1.641E-01  1.641E-01  0.000E+00
                                          7      1.149  4.260E-01  4.260E-01  0.000E+00
                                          1      1.396  2.225E-01  2.225E-01  0.000E+00
102   1.399339   2.0 -1   0.00E+00 10 1                   2-,3-  0                      
                                         67      0.338  1.258E-02  1.258E-02  0.000E+00
                                         56      0.442  0.000E+00  0.000E+00  0.000E+00
                                         47      0.564  0.000E+00  0.000E+00  0.000E+00
                                         46      0.575  1.768E-01  1.768E-01  0.000E+00
                                         44      0.598  0.000E+00  0.000E+00  0.000E+00
                                         41      0.613  1.632E-01  1.632E-01  0.000E+00
                                         36      0.696  8.838E-02  8.838E-02  0.000E+00
                                         29      0.774  1.003E-01  1.003E-01  0.000E+00
                                         16      1.018  1.869E-01  1.869E-01  0.000E+00
                                          2      1.344  2.719E-01  2.719E-01  0.000E+00
103   1.402076   1.0 -1   0.00E+00 14 1                   1-,2-  0                      
                                         53      0.483  0.000E+00  0.000E+00  0.000E+00
                                         52      0.486  3.361E-01  3.361E-01  0.000E+00
                                         47      0.567  0.000E+00  0.000E+00  0.000E+00
                                         45      0.592  0.000E+00  0.000E+00  0.000E+00
                                         42      0.613  0.000E+00  0.000E+00  0.000E+00
                                         41      0.616  1.092E-01  1.092E-01  0.000E+00
                                         30      0.770  0.000E+00  0.000E+00  0.000E+00
                                         29      0.777  0.000E+00  0.000E+00  0.000E+00
                                         28      0.831  1.555E-01  1.555E-01  0.000E+00
                                         24      0.873  0.000E+00  0.000E+00  0.000E+00
                                         18      0.953  3.992E-01  3.992E-01  0.000E+00
                                         17      0.996  0.000E+00  0.000E+00  0.000E+00
                                          5      1.187  0.000E+00  0.000E+00  0.000E+00
                                          1      1.402  0.000E+00  0.000E+00  0.000E+00
104   1.404879   2.0 -1   0.00E+00  6 1                   2-,3-  0                      
                                         72      0.296  0.000E+00  0.000E+00  0.000E+00
                                         56      0.448  3.500E-02  3.500E-02  0.000E+00
                                         42      0.616  0.000E+00  0.000E+00  0.000E+00
                                         33      0.732  4.920E-01  4.920E-01  0.000E+00
                                         11      1.076  0.000E+00  0.000E+00  0.000E+00
                                          5      1.190  4.730E-01  4.730E-01  0.000E+00
105   1.409402   3.0 -1   0.00E+00 10 0                      3-  0                      
                                         85      0.123  5.045E-01  5.045E-01  0.000E+00
                                         70      0.314  4.609E-03  4.609E-03  0.000E+00
                                         68      0.334  6.914E-02  6.914E-02  0.000E+00
                                         50      0.515  6.478E-02  6.478E-02  0.000E+00
                                         38      0.664  3.239E-02  3.239E-02  0.000E+00
                                         28      0.838  8.098E-02  8.098E-02  0.000E+00
                                         16      1.028  6.229E-02  6.229E-02  0.000E+00
                                         13      1.062  5.045E-02  5.045E-02  0.000E+00
                                          4      1.216  1.308E-01  1.308E-01  0.000E+00
                                          1      1.409  0.000E+00  0.000E+00  0.000E+00
106   1.418689   3.0  1   0.00E+00 13 1                   3+,4+  0                      
                                         71      0.314  0.000E+00  0.000E+00  0.000E+00
                                         63      0.386  0.000E+00  0.000E+00  0.000E+00
                                         57      0.458  0.000E+00  0.000E+00  0.000E+00
                                         56      0.462  4.543E-02  4.543E-02  0.000E+00
                                         46      0.594  0.000E+00  0.000E+00  0.000E+00
                                         44      0.617  6.753E-02  6.753E-02  0.000E+00
                                         40      0.654  2.732E-01  2.732E-01  0.000E+00
                                         39      0.660  2.056E-01  2.056E-01  0.000E+00
                                         33      0.746  0.000E+00  0.000E+00  0.000E+00
                                         30      0.786  1.811E-01  1.811E-01  0.000E+00
                                         29      0.793  0.000E+00  0.000E+00  0.000E+00
                                         24      0.890  2.271E-01  2.271E-01  0.000E+00
                                         17      1.013  0.000E+00  0.000E+00  0.000E+00
107   1.423791   3.0 -1   0.00E+00 10 0                      3-  0                      
                                         64      0.386  2.290E-02  2.290E-02  0.000E+00
                                         58      0.452  4.579E-02  4.579E-02  0.000E+00
                                         49      0.532  0.000E+00  0.000E+00  0.000E+00
                                         47      0.588  2.073E-01  2.073E-01  0.000E+00
                                         43      0.624  1.361E-01  1.361E-01  0.000E+00
                                         29      0.798  0.000E+00  0.000E+00  0.000E+00
                                         14      1.061  5.879E-01  5.879E-01  0.000E+00
                                         13      1.077  0.000E+00  0.000E+00  0.000E+00
                                          6      1.188  0.000E+00  0.000E+00  0.000E+00
                                          1      1.424  0.000E+00  0.000E+00  0.000E+00
108   1.431647   2.0 -1   0.00E+00 15 1                   2-,3-  0                      
                                         72      0.323  0.000E+00  0.000E+00  0.000E+00
                                         70      0.336  7.117E-03  7.117E-03  0.000E+00
                                         68      0.356  7.117E-03  7.117E-03  0.000E+00
                                         66      0.375  0.000E+00  0.000E+00  0.000E+00
                                         59      0.449  1.135E-01  1.135E-01  0.000E+00
                                         32      0.785  3.558E-02  3.558E-02  0.000E+00
                                         29      0.806  6.444E-02  6.444E-02  0.000E+00
                                         24      0.902  3.655E-01  3.655E-01  0.000E+00
                                         22      0.920  7.790E-02  7.790E-02  0.000E+00
                                         21      0.936  4.232E-02  4.232E-02  0.000E+00
                                         17      1.026  0.000E+00  0.000E+00  0.000E+00
                                         14      1.069  0.000E+00  0.000E+00  0.000E+00
                                          6      1.196  1.423E-01  1.423E-01  0.000E+00
                                          5      1.217  0.000E+00  0.000E+00  0.000E+00
                                          1      1.432  1.443E-01  1.443E-01  0.000E+00
109   1.434576   1.0 -1   0.00E+00 12 1                   1-,2-  0                      
                                         87      0.137  1.165E-01  1.165E-01  0.000E+00
                                         69      0.342  7.258E-02  7.258E-02  0.000E+00
                                         67      0.373  2.688E-02  2.688E-02  0.000E+00
                                         60      0.447  0.000E+00  0.000E+00  0.000E+00
                                         51      0.538  0.000E+00  0.000E+00  0.000E+00
                                         36      0.731  0.000E+00  0.000E+00  0.000E+00
                                         35      0.732  0.000E+00  0.000E+00  0.000E+00
                                         27      0.886  1.523E-01  1.523E-01  0.000E+00
                                         18      0.985  9.319E-02  9.319E-02  0.000E+00
                                         17      1.029  4.122E-01  4.122E-01  0.000E+00
                                          7      1.187  0.000E+00  0.000E+00  0.000E+00
                                          2      1.379  1.263E-01  1.263E-01  0.000E+00
110   1.444440   3.0 -1   0.00E+00  6 0                      3-  0                      
                                         49      0.553  0.000E+00  0.000E+00  0.000E+00
                                         41      0.658  8.029E-02  8.029E-02  0.000E+00
                                         40      0.680  8.029E-02  8.029E-02  0.000E+00
                                         19      0.991  2.445E-01  2.445E-01  0.000E+00
                                         15      1.076  2.445E-01  2.445E-01  0.000E+00
                                         14      1.082  3.504E-01  3.504E-01  0.000E+00
111   1.453860   3.0 -1   0.00E+00 10 0                      3-  0                      
                                         97      0.082  7.641E-01  7.641E-01  0.000E+00
                                         65      0.407  0.000E+00  0.000E+00  0.000E+00
                                         63      0.422  9.967E-03  9.967E-03  0.000E+00
                                         55      0.502  5.316E-02  5.316E-02  0.000E+00
                                         54      0.522  0.000E+00  0.000E+00  0.000E+00
                                         43      0.654  0.000E+00  0.000E+00  0.000E+00
                                         31      0.817  1.462E-02  1.462E-02  0.000E+00
                                         17      1.048  3.189E-02  3.189E-02  0.000E+00
                                         15      1.086  6.312E-02  6.312E-02  0.000E+00
                                         13      1.107  6.312E-02  6.312E-02  0.000E+00
112   1.458989   3.0 -1   0.00E+00 12 0                      3-  0                      
                                         74      0.334  0.000E+00  0.000E+00  0.000E+00
                                         72      0.350  1.850E-01  1.850E-01  0.000E+00
                                         67      0.398  0.000E+00  0.000E+00  0.000E+00
                                         58      0.487  2.950E-01  2.950E-01  0.000E+00
                                         56      0.502  1.100E-01  1.100E-01  0.000E+00
                                         50      0.565  0.000E+00  0.000E+00  0.000E+00
                                         49      0.567  7.500E-02  7.500E-02  0.000E+00
                                         45      0.649  0.000E+00  0.000E+00  0.000E+00
                                         33      0.786  0.000E+00  0.000E+00  0.000E+00
                                         22      0.947  3.350E-01  3.350E-01  0.000E+00
                                         20      0.977  0.000E+00  0.000E+00  0.000E+00
                                          1      1.459  0.000E+00  0.000E+00  0.000E+00
113   1.472099   3.0 -1   0.00E+00 12 0                      3-  0                      
                                         79      0.263  1.618E-02  1.618E-02  0.000E+00
                                         60      0.485  0.000E+00  0.000E+00  0.000E+00
                                         56      0.515  0.000E+00  0.000E+00  0.000E+00
                                         55      0.521  0.000E+00  0.000E+00  0.000E+00
                                         51      0.576  3.991E-02  3.991E-02  0.000E+00
                                         42      0.683  1.197E-01  1.197E-01  0.000E+00
                                         35      0.770  0.000E+00  0.000E+00  0.000E+00
                                         22      0.961  7.983E-02  7.983E-02  0.000E+00
                                         21      0.977  0.000E+00  0.000E+00  0.000E+00
                                         14      1.109  5.286E-01  5.286E-01  0.000E+00
                                          9      1.211  2.157E-01  2.157E-01  0.000E+00
                                          1      1.472  0.000E+00  0.000E+00  0.000E+00
114   1.475621   2.0 -1   0.00E+00 13 0                      2-  0                      
                                         94      0.137  0.000E+00  0.000E+00  0.000E+00
                                         89      0.171  4.987E-02  4.987E-02  0.000E+00
                                         81      0.235  0.000E+00  0.000E+00  0.000E+00
                                         80      0.243  0.000E+00  0.000E+00  0.000E+00
                                         79      0.266  4.987E-02  4.987E-02  0.000E+00
                                         60      0.488  4.043E-02  4.043E-02  0.000E+00
                                         53      0.557  2.965E-02  2.965E-02  0.000E+00
                                         39      0.717  0.000E+00  0.000E+00  0.000E+00
                                         32      0.829  4.043E-02  4.043E-02  0.000E+00
                                         27      0.927  0.000E+00  0.000E+00  0.000E+00
                                         24      0.946  1.294E-01  1.294E-01  0.000E+00
                                          6      1.240  6.604E-01  6.604E-01  0.000E+00
                                          1      1.476  0.000E+00  0.000E+00  0.000E+00
115   1.487136   1.0 -1   0.00E+00 12 1                   1-,2-  0                      
                                         96      0.124  5.895E-01  5.895E-01  0.000E+00
                                         65      0.440  0.000E+00  0.000E+00  0.000E+00
                                         63      0.455  0.000E+00  0.000E+00  0.000E+00
                                         60      0.500  0.000E+00  0.000E+00  0.000E+00
                                         30      0.855  1.051E-01  1.051E-01  0.000E+00
                                         28      0.916  0.000E+00  0.000E+00  0.000E+00
                                         19      1.033  0.000E+00  0.000E+00  0.000E+00
                                          7      1.240  0.000E+00  0.000E+00  0.000E+00
                                          5      1.272  0.000E+00  0.000E+00  0.000E+00
                                          3      1.396  0.000E+00  0.000E+00  0.000E+00
                                          2      1.432  1.634E-01  1.634E-01  0.000E+00
                                          1      1.487  1.420E-01  1.420E-01  0.000E+00
116   1.496200   3.0 -1   0.00E+00  3 0                      3-  0                      
                                         96      0.133  5.389E-01  5.389E-01  0.000E+00
                                         70      0.401  0.000E+00  0.000E+00  0.000E+00
                                         17      1.090  4.611E-01  4.611E-01  0.000E+00
117   1.505174   1.0 -1   0.00E+00 12 1                   1-,2-  0                      
                                         94      0.167  0.000E+00  0.000E+00  0.000E+00
                                         83      0.240  1.766E-02  1.766E-02  0.000E+00
                                         82      0.249  8.712E-03  8.712E-03  0.000E+00
                                         76      0.345  0.000E+00  0.000E+00  0.000E+00
                                         67      0.444  0.000E+00  0.000E+00  0.000E+00
                                         65      0.458  0.000E+00  0.000E+00  0.000E+00
                                         56      0.548  2.590E-02  2.590E-02  0.000E+00
                                         54      0.573  0.000E+00  0.000E+00  0.000E+00
                                         43      0.705  5.180E-02  5.180E-02  0.000E+00
                                         28      0.934  5.533E-01  5.533E-01  0.000E+00
                                         22      0.994  2.472E-01  2.472E-01  0.000E+00
                                          1      1.505  9.536E-02  9.536E-02  0.000E+00
118   1.513574   1.0 -1   0.00E+00 15 1                   1-,2-  0                      
                                         90      0.207  8.296E-03  8.296E-03  0.000E+00
                                         73      0.398  5.310E-02  5.310E-02  0.000E+00
                                         65      0.466  3.263E-02  3.263E-02  0.000E+00
                                         57      0.553  0.000E+00  0.000E+00  0.000E+00
                                         51      0.617  0.000E+00  0.000E+00  0.000E+00
                                         47      0.678  2.268E-01  2.268E-01  0.000E+00
                                         46      0.689  8.573E-02  8.573E-02  0.000E+00
                                         43      0.714  2.434E-02  2.434E-02  0.000E+00
                                         33      0.841  3.263E-02  3.263E-02  0.000E+00
                                         30      0.881  0.000E+00  0.000E+00  0.000E+00
                                         25      0.983  0.000E+00  0.000E+00  0.000E+00
                                         17      1.108  2.876E-01  2.876E-01  0.000E+00
                                         14      1.151  1.383E-01  1.383E-01  0.000E+00
                                          9      1.252  6.969E-02  6.969E-02  0.000E+00
                                          3      1.423  4.093E-02  4.093E-02  0.000E+00
119   1.530705   1.0 -1   0.00E+00  9 1                   1-,2-  0                      
                                         77      0.339  0.000E+00  0.000E+00  0.000E+00
                                         56      0.574  1.049E-01  1.049E-01  0.000E+00
                                         53      0.612  4.809E-02  4.809E-02  0.000E+00
                                         49      0.639  4.809E-02  4.809E-02  0.000E+00
                                         44      0.729  1.213E-01  1.213E-01  0.000E+00
                                         38      0.785  0.000E+00  0.000E+00  0.000E+00
                                         19      1.077  0.000E+00  0.000E+00  0.000E+00
                                         13      1.184  3.497E-01  3.497E-01  0.000E+00
                                          1      1.531  3.279E-01  3.279E-01  0.000E+00
120   1.536384   1.0 -1   0.00E+00 18 1                1-,2-,3-  0                      
                                        111      0.083  6.107E-01  6.107E-01  0.000E+00
                                         88      0.235  0.000E+00  0.000E+00  0.000E+00
                                         85      0.250  0.000E+00  0.000E+00  0.000E+00
                                         84      0.264  0.000E+00  0.000E+00  0.000E+00
                                         81      0.296  0.000E+00  0.000E+00  0.000E+00
                                         78      0.334  0.000E+00  0.000E+00  0.000E+00
                                         65      0.489  0.000E+00  0.000E+00  0.000E+00
                                         63      0.504  2.574E-02  2.574E-02  0.000E+00
                                         59      0.553  0.000E+00  0.000E+00  0.000E+00
                                         50      0.642  3.228E-03  3.228E-03  0.000E+00
                                         35      0.834  4.537E-02  4.537E-02  0.000E+00
                                         28      0.965  3.533E-02  3.533E-02  0.000E+00
                                         21      1.041  0.000E+00  0.000E+00  0.000E+00
                                         20      1.054  6.980E-02  6.980E-02  0.000E+00
                                         13      1.189  3.533E-02  3.533E-02  0.000E+00
                                          9      1.275  1.134E-01  1.134E-01  0.000E+00
                                          3      1.445  6.107E-02  6.107E-02  0.000E+00
                                          1      1.536  0.000E+00  0.000E+00  0.000E+00
121   1.542786   3.0 -1   0.00E+00 13 0                      3-  0                      
                                         84      0.271  2.765E-02  2.765E-02  0.000E+00
                                         75      0.386  0.000E+00  0.000E+00  0.000E+00
                                         50      0.649  0.000E+00  0.000E+00  0.000E+00
                                         47      0.707  3.886E-02  3.886E-02  0.000E+00
                                         43      0.743  0.000E+00  0.000E+00  0.000E+00
                                         40      0.778  1.644E-02  1.644E-02  0.000E+00
                                         39      0.784  2.242E-02  2.242E-02  0.000E+00
                                         29      0.917  2.765E-02  2.765E-02  0.000E+00
                                         21      1.047  0.000E+00  0.000E+00  0.000E+00
                                         14      1.180  8.969E-02  8.969E-02  0.000E+00
                                          9      1.281  3.662E-01  3.662E-01  0.000E+00
                                          8      1.283  2.616E-01  2.616E-01  0.000E+00
                                          2      1.488  1.495E-01  1.495E-01  0.000E+00
122   1.554426   1.0 -1   0.00E+00 18 1                   1-,2-  0                      
                                         93      0.219  2.769E-02  2.769E-02  0.000E+00
                                         77      0.363  1.888E-02  1.888E-02  0.000E+00
                                         68      0.479  9.315E-03  9.315E-03  0.000E+00
                                         66      0.498  1.385E-02  1.385E-02  0.000E+00
                                         60      0.567  0.000E+00  0.000E+00  0.000E+00
                                         56      0.597  0.000E+00  0.000E+00  0.000E+00
                                         53      0.636  5.098E-02  5.098E-02  0.000E+00
                                         51      0.658  0.000E+00  0.000E+00  0.000E+00
                                         42      0.765  1.026E-01  1.026E-01  0.000E+00
                                         41      0.768  6.042E-02  6.042E-02  0.000E+00
                                         30      0.922  5.602E-02  5.602E-02  0.000E+00
                                         29      0.929  7.931E-02  7.931E-02  0.000E+00
                                         27      1.005  8.371E-02  8.371E-02  0.000E+00
                                         24      1.025  0.000E+00  0.000E+00  0.000E+00
                                         15      1.186  0.000E+00  0.000E+00  0.000E+00
                                         11      1.226  1.699E-01  1.699E-01  0.000E+00
                                          4      1.361  1.699E-01  1.699E-01  0.000E+00
                                          1      1.554  1.574E-01  1.574E-01  0.000E+00
123   1.560406   3.0 -1   0.00E+00 11 0                      3-  0                      
                                         82      0.304  5.069E-02  5.069E-02  0.000E+00
                                         75      0.403  8.525E-02  8.525E-02  0.000E+00
                                         50      0.666  1.198E-01  1.198E-01  0.000E+00
                                         41      0.774  1.198E-01  1.198E-01  0.000E+00
                                         36      0.857  1.866E-01  1.866E-01  0.000E+00
                                         35      0.858  0.000E+00  0.000E+00  0.000E+00
                                         26      1.016  0.000E+00  0.000E+00  0.000E+00
                                         21      1.065  0.000E+00  0.000E+00  0.000E+00
                                          6      1.324  4.378E-01  4.378E-01  0.000E+00
                                          2      1.505  0.000E+00  0.000E+00  0.000E+00
                                          1      1.560  0.000E+00  0.000E+00  0.000E+00
124   6.512320   1.0  1   0.00E+00 42 0                      1+  0                      
                                        123      4.952  1.219E-02  1.219E-02  0.000E+00
                                        122      4.958  4.923E-02  4.923E-02  0.000E+00
                                        120      4.976  1.258E-02  1.258E-02  0.000E+00
                                        119      4.982  7.033E-03  7.033E-03  0.000E+00
                                        118      4.999  2.423E-02  2.423E-02  0.000E+00
                                        117      5.007  8.831E-03  8.831E-03  0.000E+00
                                        115      5.025  8.831E-03  8.831E-03  0.000E+00
                                        114      5.037  1.407E-02  1.407E-02  0.000E+00
                                        113      5.040  1.407E-02  1.407E-02  0.000E+00
                                        112      5.053  4.611E-03  4.611E-03  0.000E+00
                                        108      5.081  1.188E-02  1.188E-02  0.000E+00
                                        107      5.088  3.907E-02  3.907E-02  0.000E+00
                                        105      5.103  6.799E-02  6.799E-02  0.000E+00
                                        103      5.110  1.219E-02  1.219E-02  0.000E+00
                                        101      5.116  1.258E-02  1.258E-02  0.000E+00
                                         97      5.141  3.087E-02  3.087E-02  0.000E+00
                                         96      5.149  3.595E-02  3.595E-02  0.000E+00
                                         95      5.153  9.300E-03  9.300E-03  0.000E+00
                                         94      5.174  2.610E-02  2.610E-02  0.000E+00
                                         90      5.205  1.250E-02  1.250E-02  0.000E+00
                                         86      5.218  2.126E-02  2.126E-02  0.000E+00
                                         85      5.225  3.282E-02  3.282E-02  0.000E+00
                                         83      5.247  3.986E-02  3.986E-02  0.000E+00
                                         81      5.272  2.970E-02  2.970E-02  0.000E+00
                                         80      5.279  4.095E-02  4.095E-02  0.000E+00
                                         79      5.303  1.485E-02  1.485E-02  0.000E+00
                                         75      5.355  3.134E-02  3.134E-02  0.000E+00
                                         66      5.456  5.470E-03  5.470E-03  0.000E+00
                                         64      5.474  1.641E-02  1.641E-02  0.000E+00
                                         62      5.494  3.282E-02  3.282E-02  0.000E+00
                                         60      5.525  6.252E-02  6.252E-02  0.000E+00
                                         58      5.540  1.329E-02  1.329E-02  0.000E+00
                                         49      5.621  2.657E-02  2.657E-02  0.000E+00
                                         48      5.643  4.689E-03  4.689E-03  0.000E+00
                                         47      5.677  3.907E-03  3.907E-03  0.000E+00
                                         44      5.711  9.925E-02  9.925E-02  0.000E+00
                                         42      5.723  4.298E-02  4.298E-02  0.000E+00
                                         38      5.767  7.033E-03  7.033E-03  0.000E+00
                                         37      5.784  5.470E-03  5.470E-03  0.000E+00
                                         36      5.809  1.876E-02  1.876E-02  0.000E+00
                                         33      5.840  1.250E-02  1.250E-02  0.000E+00
                                         30      5.880  2.344E-02  2.344E-02  0.000E+00
