200Hg  200   80   70  474   69   11    8.028519    7.698486
  1   0.000000   0.0  1  -1.00E+00  0 0                      0+  0                      
  2   0.367948   2.0  1   0.00E+00  1 0                      2+  0                      
                                          1      0.368  1.000E+00  1.000E+00  0.000E+00
  3   0.947244   4.0  1   0.00E+00  1 0                      4+  0                      
                                          2      0.579  1.000E+00  1.000E+00  0.000E+00
  4   1.029352   0.0  1   0.00E+00  2 0                      0+  0                      
                                          2      0.661  1.000E+00  1.000E+00  0.000E+00
                                          1      1.029  0.000E+00  0.000E+00  0.000E+00
  5   1.254103   2.0  1   0.00E+00  4 0                      2+  0                      
                                          4      0.225  2.365E-03  2.365E-03  0.000E+00
                                          3      0.307  1.514E-03  1.514E-03  0.000E+00
                                          2      0.886  6.385E-01  6.385E-01  0.000E+00
                                          1      1.254  3.576E-01  3.576E-01  0.000E+00
  6   1.515174   0.0  1   0.00E+00  3 0                      0+  0                      
                                          4      0.486  1.005E-01  1.005E-01  0.000E+00
                                          2      1.147  8.995E-01  8.995E-01  0.000E+00
                                          1      1.515  0.000E+00  0.000E+00  0.000E+00
  7   1.570279   1.0  1   0.00E+00  4 0                      1+  0                      
                                          5      0.316  5.159E-03  5.159E-03  0.000E+00
                                          4      0.541  6.169E-02  6.169E-02  0.000E+00
                                          2      1.202  2.692E-01  2.692E-01  0.000E+00
                                          1      1.570  6.640E-01  6.640E-01  0.000E+00
  8   1.573669   2.0  1   0.00E+00  4 0                      2+  0                      
                                          5      0.320  1.546E-03  1.546E-03  0.000E+00
                                          4      0.544  1.914E-03  1.914E-03  0.000E+00
                                          3      0.626  2.503E-03  2.503E-03  0.000E+00
                                          2      1.206  9.940E-01  9.940E-01  0.000E+00
  9   1.593427   2.0  1   0.00E+00  4 0                      2+  0                      
                                          5      0.339  0.000E+00  0.000E+00  0.000E+00
                                          4      0.564  3.630E-03  3.630E-03  0.000E+00
                                          3      0.646  4.034E-03  4.034E-03  0.000E+00
                                          2      1.225  9.923E-01  9.923E-01  0.000E+00
 10   1.630893   1.0  1   0.00E+00  5 0                      1+  0                      
                                          6      0.116  1.555E-02  1.555E-02  0.000E+00
                                          5      0.377  2.521E-03  2.521E-03  0.000E+00
                                          4      0.602  2.983E-03  2.983E-03  0.000E+00
                                          2      1.263  9.033E-01  9.033E-01  0.000E+00
                                          1      1.631  7.563E-02  7.563E-02  0.000E+00
 11   1.641449   2.0  1   0.00E+00  4 0                      2+  0                      
                                          5      0.387  2.857E-02  2.857E-02  0.000E+00
                                          4      0.612  6.891E-02  6.891E-02  0.000E+00
                                          3      0.694  1.176E-02  1.176E-02  0.000E+00
                                          2      1.273  8.908E-01  8.908E-01  0.000E+00
 12   1.659009   3.0  1   0.00E+00  3 0                    (3+)  0                      
                                          5      0.405  1.752E-02  1.752E-02  0.000E+00
                                          3      0.712  2.486E-01  2.486E-01  0.000E+00
                                          2      1.291  7.338E-01  7.338E-01  0.000E+00
 13   1.718306   1.0  1   0.00E+00  8 0                      1+  0                      
                                         11      0.077  3.112E-02  3.112E-02  0.000E+00
                                          8      0.145  1.703E-02  1.703E-02  0.000E+00
                                          7      0.148  1.468E-02  1.468E-02  0.000E+00
                                          6      0.203  8.866E-03  8.866E-03  0.000E+00
                                          5      0.464  2.407E-02  2.407E-02  0.000E+00
                                          4      0.689  1.662E-01  1.662E-01  0.000E+00
                                          2      1.350  2.407E-01  2.407E-01  0.000E+00
                                          1      1.718  4.973E-01  4.973E-01  0.000E+00
 14   1.730924   2.0  1   0.00E+00  7 0                      2+  0                      
                                          9      0.137  1.103E-02  1.103E-02  0.000E+00
                                          7      0.161  1.873E-03  1.873E-03  0.000E+00
                                          6      0.216  1.665E-03  1.665E-03  0.000E+00
                                          5      0.477  4.683E-02  4.683E-02  0.000E+00
                                          4      0.702  2.300E-01  2.300E-01  0.000E+00
                                          3      0.784  9.157E-02  9.157E-02  0.000E+00
                                          2      1.363  6.171E-01  6.171E-01  0.000E+00
 15   1.734336   3.0  1   0.00E+00  5 0                      3+  0                      
                                          9      0.141  8.238E-02  8.238E-02  0.000E+00
                                          8      0.161  0.000E+00  0.000E+00  0.000E+00
                                          5      0.480  3.676E-02  3.676E-02  0.000E+00
                                          3      0.787  5.767E-01  5.767E-01  0.000E+00
                                          2      1.366  3.042E-01  3.042E-01  0.000E+00
 16   1.775578   3.0  1   0.00E+00  4 0                      3+  0                      
                                         10      0.145  0.000E+00  0.000E+00  0.000E+00
                                          8      0.202  7.407E-03  7.407E-03  0.000E+00
                                          5      0.521  2.290E-02  2.290E-02  0.000E+00
                                          3      0.828  9.697E-01  9.697E-01  0.000E+00
 17   1.845780   3.0  1   0.00E+00  7 0                      3+  0                      
                                         12      0.187  1.005E-02  1.005E-02  0.000E+00
                                          9      0.252  8.347E-02  8.347E-02  0.000E+00
                                          8      0.272  6.724E-02  6.724E-02  0.000E+00
                                          7      0.276  1.229E-02  1.229E-02  0.000E+00
                                          5      0.592  1.623E-01  1.623E-01  0.000E+00
                                          3      0.899  5.333E-01  5.333E-01  0.000E+00
                                          2      1.478  1.314E-01  1.314E-01  0.000E+00
 18   1.856778   0.0  1   0.00E+00  8 0                      0+  0                      
                                         13      0.138  0.000E+00  0.000E+00  0.000E+00
                                         10      0.226  5.417E-02  5.417E-02  0.000E+00
                                          7      0.286  5.702E-03  5.702E-03  0.000E+00
                                          6      0.342  0.000E+00  0.000E+00  0.000E+00
                                          5      0.603  1.520E-02  1.520E-02  0.000E+00
                                          4      0.827  0.000E+00  0.000E+00  0.000E+00
                                          2      1.489  9.249E-01  9.249E-01  0.000E+00
                                          1      1.857  0.000E+00  0.000E+00  0.000E+00
 19   1.882857   2.0  1   0.00E+00  9 0                      2+  0                      
                                         15      0.149  1.163E-02  1.163E-02  0.000E+00
                                         13      0.165  2.843E-02  2.843E-02  0.000E+00
                                         11      0.241  4.652E-03  4.652E-03  0.000E+00
                                         10      0.252  4.911E-02  4.911E-02  0.000E+00
                                          9      0.289  4.135E-02  4.135E-02  0.000E+00
                                          8      0.309  3.748E-02  3.748E-02  0.000E+00
                                          7      0.313  5.428E-03  5.428E-03  0.000E+00
                                          5      0.629  1.292E-01  1.292E-01  0.000E+00
                                          2      1.515  6.927E-01  6.927E-01  0.000E+00
 20   1.972277   2.0  1   0.00E+00  8 0                      2+  0                      
                                         14      0.241  2.979E-03  2.979E-03  0.000E+00
                                         13      0.254  2.521E-03  2.521E-03  0.000E+00
                                         12      0.313  2.521E-03  2.521E-03  0.000E+00
                                         11      0.331  3.666E-03  3.666E-03  0.000E+00
                                         10      0.341  1.260E-02  1.260E-02  0.000E+00
                                          8      0.399  1.329E-02  1.329E-02  0.000E+00
                                          5      0.718  2.979E-02  2.979E-02  0.000E+00
                                          2      1.604  9.326E-01  9.326E-01  0.000E+00
 21   1.974335   3.0  1   0.00E+00  3 0                      3+  0                      
                                         14      0.243  1.667E-01  1.667E-01  0.000E+00
                                          5      0.720  4.293E-01  4.293E-01  0.000E+00
                                          3      1.027  4.040E-01  4.040E-01  0.000E+00
 22   2.061251   1.0  1   0.00E+00 11 0                      1+  0                      
                                         18      0.204  1.004E-03  1.004E-03  0.000E+00
                                         14      0.330  4.851E-04  4.851E-04  0.000E+00
                                         13      0.343  1.840E-03  1.840E-03  0.000E+00
                                         11      0.420  5.520E-03  5.520E-03  0.000E+00
                                         10      0.430  1.756E-02  1.756E-02  0.000E+00
                                          9      0.468  7.193E-03  7.193E-03  0.000E+00
                                          8      0.488  8.030E-03  8.030E-03  0.000E+00
                                          7      0.491  3.848E-03  3.848E-03  0.000E+00
                                          6      0.546  3.162E-03  3.162E-03  0.000E+00
                                          5      0.807  1.121E-02  1.121E-02  0.000E+00
                                          2      1.693  9.401E-01  9.401E-01  0.000E+00
 23   2.074317   1.0  1   0.00E+00  3 1                    1+,2  0                      
                                         15      0.340  1.243E-02  1.243E-02  0.000E+00
                                         14      0.343  9.724E-03  9.724E-03  0.000E+00
                                          2      1.706  9.778E-01  9.778E-01  0.000E+00
 24   2.114349   3.0  1   0.00E+00  9 0                    (3+)  0                      
                                         17      0.269  1.104E-02  1.104E-02  0.000E+00
                                         16      0.339  7.683E-02  7.683E-02  0.000E+00
                                         15      0.380  3.632E-02  3.632E-02  0.000E+00
                                         14      0.383  1.173E-01  1.173E-01  0.000E+00
                                         10      0.483  2.514E-02  2.514E-02  0.000E+00
                                          9      0.521  7.683E-02  7.683E-02  0.000E+00
                                          3      1.167  2.933E-01  2.933E-01  0.000E+00
                                          2      1.746  3.632E-01  3.632E-01  0.000E+00
                                          1      2.114  0.000E+00  0.000E+00  0.000E+00
 25   2.116551   0.0  1   0.00E+00  4 0                      0+  0                      
                                         13      0.398  5.853E-01  5.853E-01  0.000E+00
                                         11      0.475  1.619E-02  1.619E-02  0.000E+00
                                         10      0.486  3.985E-01  3.985E-01  0.000E+00
                                          1      2.117  0.000E+00  0.000E+00  0.000E+00
 26   2.126860   1.0  1   0.00E+00 13 0                    (1)+  0                      
                                         17      0.281  3.004E-03  3.004E-03  0.000E+00
                                         16      0.351  1.895E-02  1.895E-02  0.000E+00
                                         15      0.393  7.395E-03  7.395E-03  0.000E+00
                                         14      0.396  3.698E-03  3.698E-03  0.000E+00
                                         13      0.409  5.315E-02  5.315E-02  0.000E+00
                                         12      0.468  0.000E+00  0.000E+00  0.000E+00
                                         11      0.485  6.009E-02  6.009E-02  0.000E+00
                                         10      0.496  1.849E-01  1.849E-01  0.000E+00
                                          9      0.533  2.866E-02  2.866E-02  0.000E+00
                                          8      0.553  7.858E-02  7.858E-02  0.000E+00
                                          7      0.557  1.918E-01  1.918E-01  0.000E+00
                                          5      0.873  4.622E-02  4.622E-02  0.000E+00
                                          2      1.759  3.235E-01  3.235E-01  0.000E+00
 27   2.126930   3.0  1   0.00E+00  3 0                    (3+)  0                      
                                          9      0.533  5.121E-02  5.121E-02  0.000E+00
                                          3      1.180  5.121E-02  5.121E-02  0.000E+00
                                          2      1.759  8.976E-01  8.976E-01  0.000E+00
 28   2.127935   1.0  1   0.00E+00  8 0                      1+  0                      
                                         16      0.352  3.635E-02  3.635E-02  0.000E+00
                                         14      0.397  2.151E-02  2.151E-02  0.000E+00
                                         13      0.410  1.178E-02  1.178E-02  0.000E+00
                                         12      0.469  4.659E-02  4.659E-02  0.000E+00
                                         11      0.486  1.075E-02  1.075E-02  0.000E+00
                                          9      0.535  2.304E-02  2.304E-02  0.000E+00
                                          3      1.181  1.331E-01  1.331E-01  0.000E+00
                                          2      1.760  7.168E-01  7.168E-01  0.000E+00
 29   2.189476   1.0  1   0.00E+00 11 0                      1+  0                      
                                         19      0.307  1.685E-02  1.685E-02  0.000E+00
                                         18      0.333  4.565E-03  4.565E-03  0.000E+00
                                         15      0.455  0.000E+00  0.000E+00  0.000E+00
                                         13      0.471  1.299E-02  1.299E-02  0.000E+00
                                         10      0.559  1.369E-02  1.369E-02  0.000E+00
                                          9      0.596  3.968E-02  3.968E-02  0.000E+00
                                          8      0.616  4.565E-02  4.565E-02  0.000E+00
                                          6      0.674  2.388E-02  2.388E-02  0.000E+00
                                          5      0.935  2.493E-01  2.493E-01  0.000E+00
                                          2      1.822  1.861E-01  1.861E-01  0.000E+00
                                          1      2.189  4.073E-01  4.073E-01  0.000E+00
 30   2.229268   1.0  1   0.00E+00  9 1                   1+,2+  0                      
                                         19      0.346  1.990E-02  1.990E-02  0.000E+00
                                         16      0.454  7.163E-03  7.163E-03  0.000E+00
                                         11      0.588  2.825E-02  2.825E-02  0.000E+00
                                         10      0.598  6.924E-02  6.924E-02  0.000E+00
                                          9      0.636  1.472E-02  1.472E-02  0.000E+00
                                          8      0.656  3.343E-02  3.343E-02  0.000E+00
                                          7      0.659  1.512E-01  1.512E-01  0.000E+00
                                          6      0.714  2.746E-02  2.746E-02  0.000E+00
                                          5      0.975  6.486E-01  6.486E-01  0.000E+00
 31   2.246443   1.0  1   0.00E+00  8 1                   1+,2+  0                      
                                         21      0.272  0.000E+00  0.000E+00  0.000E+00
                                         19      0.364  6.765E-03  6.765E-03  0.000E+00
                                         10      0.616  1.784E-01  1.784E-01  0.000E+00
                                          9      0.653  3.383E-02  3.383E-02  0.000E+00
                                          7      0.676  4.674E-01  4.674E-01  0.000E+00
                                          5      0.992  1.169E-01  1.169E-01  0.000E+00
                                          2      1.878  1.968E-01  1.968E-01  0.000E+00
                                          1      2.246  0.000E+00  0.000E+00  0.000E+00
 32   2.274229   2.0  1   0.00E+00 10 0                      2+  0                      
                                         21      0.300  7.975E-03  7.975E-03  0.000E+00
                                         20      0.302  6.241E-03  6.241E-03  0.000E+00
                                         17      0.428  1.179E-02  1.179E-02  0.000E+00
                                         16      0.499  1.664E-02  1.664E-02  0.000E+00
                                         11      0.633  1.734E-02  1.734E-02  0.000E+00
                                         10      0.643  5.895E-02  5.895E-02  0.000E+00
                                          8      0.701  2.427E-02  2.427E-02  0.000E+00
                                          7      0.704  1.110E-01  1.110E-01  0.000E+00
                                          6      0.759  3.155E-02  3.155E-02  0.000E+00
                                          2      1.906  7.143E-01  7.143E-01  0.000E+00
 33   2.288920   1.0  1   0.00E+00  6 0                      1+  0                      
                                          9      0.695  1.408E-02  1.408E-02  0.000E+00
                                          7      0.719  3.130E-02  3.130E-02  0.000E+00
                                          5      1.035  6.573E-02  6.573E-02  0.000E+00
                                          3      1.342  2.379E-01  2.379E-01  0.000E+00
                                          2      1.921  5.290E-01  5.290E-01  0.000E+00
                                          1      2.289  1.221E-01  1.221E-01  0.000E+00
 34   2.296324  -1.0  0   0.00E+00  8 0                          0                      
                                         18      0.440  4.645E-03  4.645E-03  0.000E+00
                                         13      0.578  1.172E-02  1.172E-02  0.000E+00
                                          8      0.723  1.172E-02  1.172E-02  0.000E+00
                                          6      0.781  1.637E-02  1.637E-02  0.000E+00
                                          5      1.042  1.062E-01  1.062E-01  0.000E+00
                                          4      1.267  8.848E-02  8.848E-02  0.000E+00
                                          2      1.928  1.217E-01  1.217E-01  0.000E+00
                                          1      2.296  6.392E-01  6.392E-01  0.000E+00
 35   2.331772   1.0  1   0.00E+00 13 1                1+,2+,3+  0                      
                                         28      0.204  7.326E-03  7.326E-03  0.000E+00
                                         22      0.271  8.242E-03  8.242E-03  0.000E+00
                                         20      0.359  8.242E-03  8.242E-03  0.000E+00
                                         19      0.449  1.190E-01  1.190E-01  0.000E+00
                                         18      0.475  0.000E+00  0.000E+00  0.000E+00
                                         15      0.597  3.755E-02  3.755E-02  0.000E+00
                                         14      0.601  4.487E-02  4.487E-02  0.000E+00
                                         13      0.613  3.022E-02  3.022E-02  0.000E+00
                                         11      0.690  7.326E-02  7.326E-02  0.000E+00
                                          9      0.738  3.022E-02  3.022E-02  0.000E+00
                                          7      0.761  7.326E-02  7.326E-02  0.000E+00
                                          3      1.385  3.663E-01  3.663E-01  0.000E+00
                                          2      1.964  2.015E-01  2.015E-01  0.000E+00
 36   2.343596   1.0  1   0.00E+00  4 0                      1+  0                      
                                         19      0.461  1.294E-02  1.294E-02  0.000E+00
                                         17      0.498  1.294E-01  1.294E-01  0.000E+00
                                         16      0.568  1.913E-02  1.913E-02  0.000E+00
                                          2      1.976  8.385E-01  8.385E-01  0.000E+00
 37   2.370041   1.0  1   0.00E+00 14 1                1+,2+,3+  0                      
                                         22      0.309  1.377E-03  1.377E-03  0.000E+00
                                         20      0.398  2.827E-03  2.827E-03  0.000E+00
                                         19      0.487  5.097E-03  5.097E-03  0.000E+00
                                         15      0.636  0.000E+00  0.000E+00  0.000E+00
                                         14      0.639  9.301E-03  9.301E-03  0.000E+00
                                         13      0.652  1.860E-03  1.860E-03  0.000E+00
                                         12      0.711  1.972E-03  1.972E-03  0.000E+00
                                         11      0.729  7.813E-03  7.813E-03  0.000E+00
                                         10      0.739  4.092E-03  4.092E-03  0.000E+00
                                          8      0.796  1.451E-02  1.451E-02  0.000E+00
                                          7      0.800  5.581E-03  5.581E-03  0.000E+00
                                          5      1.116  3.944E-03  3.944E-03  0.000E+00
                                          2      2.002  9.041E-01  9.041E-01  0.000E+00
                                          1      2.370  3.758E-02  3.758E-02  0.000E+00
 38   2.388700   1.0  1   0.00E+00  4 1                   1+,2+  0                      
                                         21      0.414  7.169E-03  7.169E-03  0.000E+00
                                         11      0.747  6.628E-02  6.628E-02  0.000E+00
                                          7      0.818  1.150E-01  1.150E-01  0.000E+00
                                          2      2.021  8.116E-01  8.116E-01  0.000E+00
 39   2.411808   1.0 -1   0.00E+00 12 0                      1-  0                      
                                         30      0.183  1.303E-02  1.303E-02  0.000E+00
                                         28      0.284  7.965E-03  7.965E-03  0.000E+00
                                         23      0.337  9.413E-03  9.413E-03  0.000E+00
                                         21      0.437  1.159E-02  1.159E-02  0.000E+00
                                         20      0.440  0.000E+00  0.000E+00  0.000E+00
                                         17      0.566  4.996E-02  4.996E-02  0.000E+00
                                         15      0.677  1.093E-01  1.093E-01  0.000E+00
                                         10      0.781  0.000E+00  0.000E+00  0.000E+00
                                          9      0.818  1.665E-01  1.665E-01  0.000E+00
                                          6      0.897  3.838E-02  3.838E-02  0.000E+00
                                          5      1.158  2.100E-01  2.100E-01  0.000E+00
                                          2      2.044  3.838E-01  3.838E-01  0.000E+00
 40   2.442720   1.0  1   0.00E+00  1 0                      1+  0                      
                                          1      2.443  1.000E+00  1.000E+00  0.000E+00
 41   2.461850   1.0  1   0.00E+00  4 1                   1+,2+  0                      
                                         13      0.744  5.364E-02  5.364E-02  0.000E+00
                                          4      1.432  4.061E-01  4.061E-01  0.000E+00
                                          2      2.094  3.372E-01  3.372E-01  0.000E+00
                                          1      2.462  2.031E-01  2.031E-01  0.000E+00
 42   2.491370   1.0 -1   0.00E+00  8 0                      1-  0                      
                                         29      0.302  0.000E+00  0.000E+00  0.000E+00
                                         21      0.517  1.946E-02  1.946E-02  0.000E+00
                                         18      0.635  2.246E-02  2.246E-02  0.000E+00
                                         15      0.757  1.647E-01  1.647E-01  0.000E+00
                                         10      0.860  6.487E-02  6.487E-02  0.000E+00
                                          8      0.918  1.048E-01  1.048E-01  0.000E+00
                                          5      1.237  0.000E+00  0.000E+00  0.000E+00
                                          2      2.123  6.238E-01  6.238E-01  0.000E+00
 43   2.590710   1.0  1   0.00E+00  1 0                      1+  0                      
                                          1      2.591  1.000E+00  1.000E+00  0.000E+00
 44   2.639860  -1.0  0   0.00E+00  8 0                          0                      
                                         42      0.148  0.000E+00  0.000E+00  0.000E+00
                                         19      0.757  1.836E-02  1.836E-02  0.000E+00
                                         15      0.906  7.533E-03  7.533E-03  0.000E+00
                                         10      1.009  1.224E-02  1.224E-02  0.000E+00
                                          5      1.386  1.026E-01  1.026E-01  0.000E+00
                                          4      1.611  2.825E-02  2.825E-02  0.000E+00
                                          2      2.272  2.848E-01  2.848E-01  0.000E+00
                                          1      2.640  5.461E-01  5.461E-01  0.000E+00
 45   2.691586   0.0  1   0.00E+00  6 0                    (0+)  0                      
                                         37      0.322  8.672E-03  8.672E-03  0.000E+00
                                         28      0.564  1.572E-02  1.572E-02  0.000E+00
                                         15      0.957  1.247E-01  1.247E-01  0.000E+00
                                          7      1.121  3.577E-01  3.577E-01  0.000E+00
                                          2      2.324  4.932E-01  4.932E-01  0.000E+00
                                          1      2.692  0.000E+00  0.000E+00  0.000E+00
 46   2.697145  -1.0  0   0.00E+00  6 0                          0                      
                                         38      0.308  7.156E-03  7.156E-03  0.000E+00
                                         30      0.468  5.277E-01  5.277E-01  0.000E+00
                                         22      0.636  0.000E+00  0.000E+00  0.000E+00
                                          6      1.182  0.000E+00  0.000E+00  0.000E+00
                                          5      1.443  2.326E-01  2.326E-01  0.000E+00
                                          4      1.668  2.326E-01  2.326E-01  0.000E+00
 47   2.701365   1.0  1   0.00E+00  9 0                      1+  0                      
                                         37      0.331  7.259E-03  7.259E-03  0.000E+00
                                         30      0.472  1.005E-02  1.005E-02  0.000E+00
                                         28      0.573  3.964E-02  3.964E-02  0.000E+00
                                         24      0.587  1.284E-02  1.284E-02  0.000E+00
                                         12      1.042  0.000E+00  0.000E+00  0.000E+00
                                         11      1.060  2.959E-01  2.959E-01  0.000E+00
                                         10      1.070  5.918E-02  5.918E-02  0.000E+00
                                          5      1.447  1.843E-01  1.843E-01  0.000E+00
                                          3      1.754  3.908E-01  3.908E-01  0.000E+00
 48   2.763052   1.0  1   0.00E+00  8 1                   1+,2+  0                      
                                         42      0.272  6.689E-03  6.689E-03  0.000E+00
                                         39      0.351  0.000E+00  0.000E+00  0.000E+00
                                         34      0.467  1.087E-02  1.087E-02  0.000E+00
                                         21      0.789  1.212E-01  1.212E-01  0.000E+00
                                         11      1.122  2.843E-01  2.843E-01  0.000E+00
                                          7      1.193  8.779E-02  8.779E-02  0.000E+00
                                          4      1.734  1.087E-01  1.087E-01  0.000E+00
                                          1      2.763  3.804E-01  3.804E-01  0.000E+00
 49   2.794140   1.0 -1   0.00E+00  7 0                      1-  0                      
                                         34      0.498  0.000E+00  0.000E+00  0.000E+00
                                         33      0.505  1.900E-02  1.900E-02  0.000E+00
                                         22      0.733  5.650E-02  5.650E-02  0.000E+00
                                         19      0.911  1.079E-01  1.079E-01  0.000E+00
                                         15      1.060  0.000E+00  0.000E+00  0.000E+00
                                         10      1.163  3.801E-01  3.801E-01  0.000E+00
                                          1      2.794  4.366E-01  4.366E-01  0.000E+00
 50   2.847660   1.0  1   0.00E+00  6 1                   1+,2+  0                      
                                         40      0.405  1.613E-02  1.613E-02  0.000E+00
                                         38      0.459  3.629E-02  3.629E-02  0.000E+00
                                         33      0.559  0.000E+00  0.000E+00  0.000E+00
                                         32      0.573  0.000E+00  0.000E+00  0.000E+00
                                         24      0.733  0.000E+00  0.000E+00  0.000E+00
                                          1      2.848  9.476E-01  9.476E-01  0.000E+00
 51   2.852990   1.0  0   0.00E+00  5 1                    1,2+  0                      
                                         24      0.739  4.309E-02  4.309E-02  0.000E+00
                                         18      0.996  5.070E-02  5.070E-02  0.000E+00
                                          6      1.338  3.042E-01  3.042E-01  0.000E+00
                                          2      2.485  3.676E-01  3.676E-01  0.000E+00
                                          1      2.853  2.345E-01  2.345E-01  0.000E+00
 52   2.862330   1.0  1   0.00E+00  4 0                      1+  0                      
                                         33      0.573  0.000E+00  0.000E+00  0.000E+00
                                         31      0.616  0.000E+00  0.000E+00  0.000E+00
                                          6      1.347  9.202E-01  9.202E-01  0.000E+00
                                          1      2.862  7.975E-02  7.975E-02  0.000E+00
 53   2.877873  -1.0  0   0.00E+00  9 0                          0                      
                                         35      0.546  0.000E+00  0.000E+00  0.000E+00
                                         33      0.589  1.448E-02  1.448E-02  0.000E+00
                                         31      0.631  1.191E-02  1.191E-02  0.000E+00
                                         28      0.750  1.448E-02  1.448E-02  0.000E+00
                                         21      0.904  3.540E-02  3.540E-02  0.000E+00
                                         20      0.906  0.000E+00  0.000E+00  0.000E+00
                                         10      1.247  2.929E-01  2.929E-01  0.000E+00
                                          9      1.284  8.368E-02  8.368E-02  0.000E+00
                                          5      1.624  5.472E-01  5.472E-01  0.000E+00
 54   2.893700  -1.0  0   0.00E+00  1 0                          0                      
                                          1      2.894  0.000E+00  0.000E+00  0.000E+00
 55   2.937370   1.0 -1   0.00E+00  6 0                      1-  0                      
                                         19      1.055  1.739E-01  1.739E-01  0.000E+00
                                         18      1.081  7.826E-02  7.826E-02  0.000E+00
                                          7      1.367  2.087E-01  2.087E-01  0.000E+00
                                          6      1.422  1.696E-01  1.696E-01  0.000E+00
                                          2      2.569  1.826E-01  1.826E-01  0.000E+00
                                          1      2.937  1.870E-01  1.870E-01  0.000E+00
 56   2.960100   1.0  1   0.00E+00  3 0                      1+  0                      
                                         42      0.469  1.254E-02  1.254E-02  0.000E+00
                                          9      1.367  2.038E-01  2.038E-01  0.000E+00
                                          1      2.960  7.837E-01  7.837E-01  0.000E+00
 57   2.978226   1.0  1   0.00E+00 17 0                      1+  0                      
                                         46      0.281  0.000E+00  0.000E+00  0.000E+00
                                         41      0.516  3.780E-03  3.780E-03  0.000E+00
                                         37      0.608  2.822E-03  2.822E-03  0.000E+00
                                         36      0.635  0.000E+00  0.000E+00  0.000E+00
                                         34      0.682  5.324E-03  5.324E-03  0.000E+00
                                         30      0.749  6.921E-03  6.921E-03  0.000E+00
                                         29      0.789  1.757E-02  1.757E-02  0.000E+00
                                         27      0.851  1.432E-01  1.432E-01  0.000E+00
                                         25      0.862  1.384E-02  1.384E-02  0.000E+00
                                         18      1.121  3.620E-02  3.620E-02  0.000E+00
                                         14      1.247  5.483E-02  5.483E-02  0.000E+00
                                         11      1.337  1.224E-02  1.224E-02  0.000E+00
                                         10      1.347  7.293E-02  7.293E-02  0.000E+00
                                          7      1.408  5.073E-01  5.073E-01  0.000E+00
                                          6      1.463  2.502E-02  2.502E-02  0.000E+00
                                          2      2.610  4.046E-02  4.046E-02  0.000E+00
                                          1      2.978  5.750E-02  5.750E-02  0.000E+00
 58   3.053320   1.0  1   0.00E+00  9 0                      1+  0                      
                                         35      0.722  0.000E+00  0.000E+00  0.000E+00
                                         30      0.824  2.588E-02  2.588E-02  0.000E+00
                                         20      1.081  9.176E-02  9.176E-02  0.000E+00
                                         15      1.319  1.176E-01  1.176E-01  0.000E+00
                                         14      1.322  2.141E-01  2.141E-01  0.000E+00
                                         10      1.422  1.576E-01  1.576E-01  0.000E+00
                                          8      1.480  6.118E-02  6.118E-02  0.000E+00
                                          6      1.538  1.247E-01  1.247E-01  0.000E+00
                                          5      1.799  2.071E-01  2.071E-01  0.000E+00
 59   3.073830   1.0  1   0.00E+00  9 0                      1+  0                      
                                         46      0.377  1.097E-02  1.097E-02  0.000E+00
                                         38      0.685  1.097E-02  1.097E-02  0.000E+00
                                         37      0.704  6.625E-02  6.625E-02  0.000E+00
                                         33      0.785  1.325E-02  1.325E-02  0.000E+00
                                         11      1.432  0.000E+00  0.000E+00  0.000E+00
                                         10      1.443  5.383E-02  5.383E-02  0.000E+00
                                          7      1.504  2.505E-01  2.505E-01  0.000E+00
                                          4      2.044  1.843E-01  1.843E-01  0.000E+00
                                          1      3.074  4.099E-01  4.099E-01  0.000E+00
 60   3.186230   1.0  1   0.00E+00 11 0                      1+  0                      
                                         48      0.423  2.397E-03  2.397E-03  0.000E+00
                                         41      0.724  2.930E-03  2.930E-03  0.000E+00
                                         40      0.744  0.000E+00  0.000E+00  0.000E+00
                                         38      0.798  4.262E-03  4.262E-03  0.000E+00
                                         35      0.854  1.545E-02  1.545E-02  0.000E+00
                                         34      0.890  5.860E-03  5.860E-03  0.000E+00
                                         30      0.957  0.000E+00  0.000E+00  0.000E+00
                                         29      0.997  8.524E-03  8.524E-03  0.000E+00
                                         13      1.468  1.763E-01  1.763E-01  0.000E+00
                                          2      2.818  1.822E-01  1.822E-01  0.000E+00
                                          1      3.186  6.020E-01  6.020E-01  0.000E+00
 61   3.216660   1.0  1   0.00E+00  5 0                      1+  0                      
                                         48      0.454  1.381E-03  1.381E-03  0.000E+00
                                         25      1.100  2.301E-02  2.301E-02  0.000E+00
                                         12      1.558  3.988E-01  3.988E-01  0.000E+00
                                          9      1.623  1.273E-01  1.273E-01  0.000E+00
                                          1      3.217  4.495E-01  4.495E-01  0.000E+00
 62   3.228000   1.0  1   0.00E+00  1 0                      1+  0                      
                                          1      3.228  0.000E+00  0.000E+00  0.000E+00
 63   3.269220   1.0  1   0.00E+00 13 0                      1+  0                      
                                         47      0.568  0.000E+00  0.000E+00  0.000E+00
                                         33      0.980  1.729E-02  1.729E-02  0.000E+00
                                         31      1.023  1.353E-02  1.353E-02  0.000E+00
                                         21      1.295  3.383E-02  3.383E-02  0.000E+00
                                         14      1.538  3.985E-02  3.985E-02  0.000E+00
                                         12      1.610  4.286E-02  4.286E-02  0.000E+00
                                         10      1.638  8.571E-02  8.571E-02  0.000E+00
                                          9      1.676  3.835E-02  3.835E-02  0.000E+00
                                          7      1.699  1.805E-02  1.805E-02  0.000E+00
                                          6      1.754  2.932E-02  2.932E-02  0.000E+00
                                          4      2.240  3.534E-02  3.534E-02  0.000E+00
                                          2      2.901  3.481E-01  3.481E-01  0.000E+00
                                          1      3.269  2.977E-01  2.977E-01  0.000E+00
 64   3.288880   1.0  1   0.00E+00 14 0                      1+  0                      
                                         42      0.797  1.787E-03  1.787E-03  0.000E+00
                                         36      0.945  8.935E-03  8.935E-03  0.000E+00
                                         35      0.957  8.578E-03  8.578E-03  0.000E+00
                                         31      1.042  1.644E-02  1.644E-02  0.000E+00
                                         30      1.060  2.609E-02  2.609E-02  0.000E+00
                                         25      1.172  9.292E-03  9.292E-03  0.000E+00
                                         18      1.432  4.289E-02  4.289E-02  0.000E+00
                                         14      1.558  1.026E-01  1.026E-01  0.000E+00
                                         11      1.647  3.395E-02  3.395E-02  0.000E+00
                                         10      1.658  2.073E-02  2.073E-02  0.000E+00
                                          8      1.715  9.292E-03  9.292E-03  0.000E+00
                                          4      2.260  6.576E-02  6.576E-02  0.000E+00
                                          2      2.921  1.783E-01  1.783E-01  0.000E+00
                                          1      3.289  4.753E-01  4.753E-01  0.000E+00
 65   3.352870   1.0  1   0.00E+00  8 0                      1+  0                      
                                         55      0.415  3.577E-03  3.577E-03  0.000E+00
                                         43      0.762  1.353E-02  1.353E-02  0.000E+00
                                         29      1.163  0.000E+00  0.000E+00  0.000E+00
                                         11      1.711  2.100E-01  2.100E-01  0.000E+00
                                         10      1.722  3.421E-01  3.421E-01  0.000E+00
                                          7      1.783  2.193E-01  2.193E-01  0.000E+00
                                          6      1.838  6.065E-02  6.065E-02  0.000E+00
                                          4      2.324  1.509E-01  1.509E-01  0.000E+00
 66   3.452960   1.0  1   0.00E+00  9 0                      1+  0                      
                                         58      0.400  3.135E-03  3.135E-03  0.000E+00
                                         51      0.600  6.555E-03  6.555E-03  0.000E+00
                                         46      0.756  1.282E-02  1.282E-02  0.000E+00
                                         45      0.761  6.555E-02  6.555E-02  0.000E+00
                                         40      1.010  5.985E-02  5.985E-02  0.000E+00
                                         14      1.722  3.135E-01  3.135E-01  0.000E+00
                                         11      1.812  1.282E-01  1.282E-01  0.000E+00
                                         10      1.822  2.337E-01  2.337E-01  0.000E+00
                                          4      2.424  1.767E-01  1.767E-01  0.000E+00
 67   3.492610   1.0  1   0.00E+00  5 0                      1+  0                      
                                         56      0.533  6.054E-02  6.054E-02  0.000E+00
                                         50      0.645  1.253E-01  1.253E-01  0.000E+00
                                         43      0.902  3.340E-01  3.340E-01  0.000E+00
                                          4      2.463  4.802E-01  4.802E-01  0.000E+00
                                          1      3.493  0.000E+00  0.000E+00  0.000E+00
 68   3.570000   1.0  1   0.00E+00  1 0                      1+  0                      
                                          1      3.570  0.000E+00  0.000E+00  0.000E+00
 69   3.654950   0.0 -1   0.00E+00 10 0                      0-  0                      
                                         60      0.469  1.761E-02  1.761E-02  0.000E+00
                                         49      0.861  1.622E-02  1.622E-02  0.000E+00
                                         42      1.164  2.016E-01  2.016E-01  0.000E+00
                                         41      1.193  0.000E+00  0.000E+00  0.000E+00
                                         25      1.538  2.132E-01  2.132E-01  0.000E+00
                                         21      1.681  1.158E-01  1.158E-01  0.000E+00
                                         19      1.772  4.171E-02  4.171E-02  0.000E+00
                                         16      1.879  7.414E-02  7.414E-02  0.000E+00
                                          6      2.140  1.576E-01  1.576E-01  0.000E+00
                                          4      2.626  1.622E-01  1.622E-01  0.000E+00
 70   8.028370  -1.0  0   0.00E+00 26 0                          0                      
                                         69      4.373  1.396E-02  1.396E-02  0.000E+00
                                         68      4.458  3.925E-03  3.925E-03  0.000E+00
                                         67      4.536  3.698E-03  3.698E-03  0.000E+00
                                         66      4.575  1.596E-02  1.596E-02  0.000E+00
                                         65      4.675  4.906E-02  4.906E-02  0.000E+00
                                         64      4.739  1.136E-01  1.136E-01  0.000E+00
                                         63      4.759  4.680E-02  4.680E-02  0.000E+00
                                         62      4.800  6.529E-03  6.529E-03  0.000E+00
                                         61      4.812  1.396E-02  1.396E-02  0.000E+00
                                         60      4.842  7.548E-02  7.548E-02  0.000E+00
                                         59      4.954  1.513E-02  1.513E-02  0.000E+00
                                         58      4.975  1.970E-02  1.970E-02  0.000E+00
                                         57      5.050  7.548E-02  7.548E-02  0.000E+00
                                         54      5.135  1.811E-03  1.811E-03  0.000E+00
                                         53      5.150  6.567E-03  6.567E-03  0.000E+00
                                         44      5.388  6.604E-02  6.604E-02  0.000E+00
                                         41      5.566  3.812E-03  3.812E-03  0.000E+00
                                         37      5.658  1.038E-01  1.038E-01  0.000E+00
                                         34      5.732  6.717E-03  6.717E-03  0.000E+00
                                         30      5.799  3.774E-03  3.774E-03  0.000E+00
                                         22      5.967  2.359E-01  2.359E-01  0.000E+00
                                         13      6.310  1.510E-02  1.510E-02  0.000E+00
                                         10      6.397  1.396E-02  1.396E-02  0.000E+00
                                          7      6.458  8.718E-02  8.718E-02  0.000E+00
                                          2      7.660  1.736E-03  1.736E-03  0.000E+00
                                          1      8.028  3.774E-04  3.774E-04  0.000E+00
