204Tl  204   81   68  113   34    1    6.656079    6.365838
  1   0.000000   2.0 -1  -1.00E+00  0 0                      2-  0                      
  2   0.140280   1.0 -1   0.00E+00  1 0                    (1)-  0                      
                                          1      0.140  1.000E+00  1.000E+00  0.000E+00
  3   0.146010   0.0 -1   1.87E-08  2 0                    (0-)  0                      
                                          2      0.006  3.743E-02  3.743E-02  0.000E+00
                                          1      0.146  9.626E-01  9.626E-01  0.000E+00
  4   0.300150   1.0 -1   0.00E+00  2 1                  (1,2)-  0                      
                                          3      0.154  9.717E-01  9.717E-01  0.000E+00
                                          1      0.300  2.833E-02  2.833E-02  0.000E+00
  5   0.319500   2.0 -1   0.00E+00  2 1                  (2,1)-  0                      
                                          2      0.179  1.515E-02  1.515E-02  0.000E+00
                                          1      0.319  9.848E-01  9.848E-01  0.000E+00
  6   0.347900   3.0 -1   0.00E+00  1 0                    (3)-  0                      
                                          1      0.348  1.000E+00  1.000E+00  0.000E+00
  7   0.424890   2.0 -1   0.00E+00  3 1                 (2-,1-)  0                      
                                          6      0.077  8.088E-02  8.088E-02  0.000E+00
                                          2      0.285  3.824E-02  3.824E-02  0.000E+00
                                          1      0.425  8.809E-01  8.809E-01  0.000E+00
  8   0.431960   1.0 -1   0.00E+00  2 1                  (1,2)-  0                      
                                          4      0.132  5.167E-01  5.167E-01  0.000E+00
                                          3      0.287  4.833E-01  4.833E-01  0.000E+00
  9   0.472100   1.0 -1   0.00E+00  4 0                    (1)-  0                      
                                          5      0.153  8.072E-02  8.072E-02  0.000E+00
                                          4      0.172  6.110E-02  6.110E-02  0.000E+00
                                          2      0.332  2.080E-01  2.080E-01  0.000E+00
                                          1      0.472  6.502E-01  6.502E-01  0.000E+00
 10   0.488250   0.0 -1   0.00E+00  2 1                0-,1-,2-  0                      
                                          4      0.188  1.840E-02  1.840E-02  0.000E+00
                                          1      0.488  9.816E-01  9.816E-01  0.000E+00
 11   0.535860   1.0 -1   0.00E+00  2 1                  (1,2)-  0                      
                                          3      0.389  8.395E-02  8.395E-02  0.000E+00
                                          2      0.396  9.160E-01  9.160E-01  0.000E+00
 12   0.626310   1.0 -1   0.00E+00  3 1                 (1-,2-)  0                      
                                          6      0.278  2.546E-02  2.546E-02  0.000E+00
                                          4      0.326  4.257E-01  4.257E-01  0.000E+00
                                          1      0.627  5.488E-01  5.488E-01  0.000E+00
 13   0.629630   1.0 -1   0.00E+00  6 1                  (1,2)-  0                      
                                          9      0.157  4.826E-02  4.826E-02  0.000E+00
                                          8      0.198  3.228E-01  3.228E-01  0.000E+00
                                          5      0.310  1.938E-01  1.938E-01  0.000E+00
                                          3      0.483  6.487E-02  6.487E-02  0.000E+00
                                          2      0.489  6.329E-02  6.329E-02  0.000E+00
                                          1      0.629  3.070E-01  3.070E-01  0.000E+00
 14   0.678010   2.0 -1   0.00E+00  3 1                  (2,3)-  0                      
                                          7      0.253  4.268E-02  4.268E-02  0.000E+00
                                          6      0.330  4.070E-01  4.070E-01  0.000E+00
                                          1      0.678  5.503E-01  5.503E-01  0.000E+00
 15   0.737330   1.0 -1   0.00E+00  6 1                  (1,2)-  0                      
                                         12      0.111  1.107E-02  1.107E-02  0.000E+00
                                         10      0.249  2.153E-02  2.153E-02  0.000E+00
                                          5      0.418  8.672E-02  8.672E-02  0.000E+00
                                          4      0.439  1.661E-02  1.661E-02  0.000E+00
                                          3      0.591  1.384E-01  1.384E-01  0.000E+00
                                          1      0.737  7.257E-01  7.257E-01  0.000E+00
 16   0.764460   1.0 -1   0.00E+00  4 1                  (1,2)-  0                      
                                          9      0.292  5.519E-01  5.519E-01  0.000E+00
                                          6      0.417  3.874E-02  3.874E-02  0.000E+00
                                          2      0.624  2.319E-01  2.319E-01  0.000E+00
                                          1      0.764  1.774E-01  1.774E-01  0.000E+00
 17   0.873400   3.0 -1   0.00E+00  4 0                    (3)-  0                      
                                         11      0.337  3.285E-02  3.285E-02  0.000E+00
                                          5      0.556  1.437E-02  1.437E-02  0.000E+00
                                          2      0.732  2.628E-01  2.628E-01  0.000E+00
                                          1      0.873  6.899E-01  6.899E-01  0.000E+00
 18   0.906430   2.0 -1   0.00E+00  3 0                      2-  0                      
                                         15      0.169  1.917E-01  1.917E-01  0.000E+00
                                         11      0.370  2.435E-01  2.435E-01  0.000E+00
                                          5      0.587  5.648E-01  5.648E-01  0.000E+00
 19   1.015220   0.0 -1   0.00E+00  0 1                (0,1,2)-  0                      
 20   1.051480   2.0 -1   0.00E+00  1 0                    (2)-  0                      
                                         10      0.563  1.000E+00  1.000E+00  0.000E+00
 21   1.121350   0.0 -1   0.00E+00  2 1                (0,1,2)-  0                      
                                         15      0.384  3.624E-01  3.624E-01  0.000E+00
                                          1      1.121  6.376E-01  6.376E-01  0.000E+00
 22   1.134040   0.0 -1   0.00E+00  1 1                0-,1-,2-  0                      
                                          1      1.134  1.000E+00  1.000E+00  0.000E+00
 23   1.203570   0.0 -1   0.00E+00  1 1                0-,1-,2-  0                      
                                         10      0.715  1.000E+00  1.000E+00  0.000E+00
 24   1.249630   0.0 -1   0.00E+00  0 1                0-,1-,2-  0                      
 25   1.374960   0.0 -1   0.00E+00  1 1                (0,1,2)-  0                      
                                          2      1.235  1.000E+00  1.000E+00  0.000E+00
 26   1.393180   2.0 -1   0.00E+00  0 0                    (2)-  0                      
 27   1.416000  -1.0  0   0.00E+00  0 0                          0                      
 28   1.476250  -1.0  0   0.00E+00  1 0                          0                      
                                          5      1.155  1.000E+00  1.000E+00  0.000E+00
 29   1.483100   2.0 -1   0.00E+00  0 0                    (2)-  0                      
 30   1.500300   2.0 -1   0.00E+00  0 0                    (2)-  0                      
 31   1.525620   2.0 -1   0.00E+00  0 0                    (2)-  0                      
 32   1.640400   2.0 -1   0.00E+00  0 0                    (2)-  0                      
 33   1.673240   2.0 -1   0.00E+00  0 0                    (2)-  0                      
 34   1.706210   2.0 -1   0.00E+00  1 0                    (2)-  0                      
                                          1      1.706  1.000E+00  1.000E+00  0.000E+00
 35   1.741100   2.0 -1   0.00E+00  1 0                    (2)-  0                      
                                          1      1.741  1.000E+00  1.000E+00  0.000E+00
 36   1.787200   2.0 -1   0.00E+00  0 0                    (2)-  0                      
 37   1.813460   2.0 -1   0.00E+00  0 0                    (2)-  0                      
 38   1.847810   2.0 -1   0.00E+00  1 0                    (2)-  0                      
                                         15      1.110  1.000E+00  1.000E+00  0.000E+00
 39   1.850500  -1.0  0   0.00E+00  0 0                          0                      
 40   1.902460   2.0 -1   0.00E+00  0 0                    (2)-  0                      
 41   1.939600   2.0 -1   0.00E+00  0 0                    (2)-  0                      
 42   1.947200   2.0 -1   0.00E+00  1 0                    (2)-  0                      
                                         19      0.931  1.000E+00  1.000E+00  0.000E+00
 43   1.965760   2.0 -1   0.00E+00  1 0                    (2)-  0                      
                                         19      0.950  1.000E+00  1.000E+00  0.000E+00
 44   2.046200   2.0 -1   0.00E+00  0 0                    (2)-  0                      
 45   2.053810   2.0 -1   0.00E+00  0 0                    (2)-  0                      
 46   2.084700   2.0 -1   0.00E+00  0 0                    (2)-  0                      
 47   2.114260   2.0 -1   0.00E+00  0 0                    (2)-  0                      
 48   2.135300   2.0 -1   0.00E+00  0 0                    (2)-  0                      
 49   2.159050   2.0 -1   0.00E+00  0 0                    (2)-  0                      
 50   2.189300   2.0 -1   0.00E+00  0 0                    (2)-  0                      
 51   2.206700   2.0 -1   0.00E+00  0 0                    (2)-  0                      
 52   2.214450   2.0 -1   0.00E+00  1 0                    (2)-  0                      
                                         21      1.093  1.000E+00  1.000E+00  0.000E+00
 53   2.252120   2.0 -1   0.00E+00  0 0                    (2)-  0                      
 54   2.262700   2.0 -1   0.00E+00  0 0                    (2)-  0                      
 55   2.275100   2.0 -1   0.00E+00  0 0                    (2)-  0                      
 56   2.312140   2.0 -1   0.00E+00  1 0                    (2)-  0                      
                                         24      1.063  1.000E+00  1.000E+00  0.000E+00
 57   2.345620   2.0 -1   0.00E+00  0 0                    (2)-  0                      
 58   2.368000   2.0 -1   0.00E+00  0 0                    (2)-  0                      
 59   2.394600   2.0 -1   0.00E+00  0 0                    (2)-  0                      
 60   2.429360   2.0 -1   0.00E+00  0 0                    (2)-  0                      
 61   2.458620   2.0 -1   0.00E+00  1 0                    (2)-  0                      
                                         32      0.818  1.000E+00  1.000E+00  0.000E+00
 62   2.493610   2.0 -1   0.00E+00  1 0                    (2)-  0                      
                                         15      1.756  1.000E+00  1.000E+00  0.000E+00
 63   2.527700   2.0 -1   0.00E+00  0 0                    (2)-  0                      
 64   2.539080   2.0 -1   0.00E+00  1 0                    (2)-  0                      
                                         31      1.013  1.000E+00  1.000E+00  0.000E+00
 65   2.553300   2.0 -1   0.00E+00  0 0                    (2)-  0                      
 66   2.577700   2.0 -1   0.00E+00  0 0                    (2)-  0                      
 67   2.638000   2.0 -1   0.00E+00  0 0                    (2)-  0                      
 68   6.654880   1.0  1   0.00E+00 46 1                  1+, 0+  0                      
                                         66      4.077  2.306E-03  2.306E-03  0.000E+00
                                         65      4.101  2.754E-03  2.754E-03  0.000E+00
                                         64      4.115  7.109E-03  7.109E-03  0.000E+00
                                         61      4.196  1.194E-02  1.194E-02  0.000E+00
                                         60      4.225  1.441E-02  1.441E-02  0.000E+00
                                         59      4.259  9.606E-04  9.606E-04  0.000E+00
                                         58      4.286  1.825E-03  1.825E-03  0.000E+00
                                         57      4.309  6.725E-03  6.725E-03  0.000E+00
                                         56      4.344  1.089E-02  1.089E-02  0.000E+00
                                         53      4.403  6.660E-03  6.660E-03  0.000E+00
                                         52      4.439  3.010E-03  3.010E-03  0.000E+00
                                         49      4.496  1.377E-02  1.377E-02  0.000E+00
                                         47      4.541  1.322E-02  1.322E-02  0.000E+00
                                         46      4.570  5.764E-03  5.764E-03  0.000E+00
                                         45      4.601  9.350E-03  9.350E-03  0.000E+00
                                         43      4.688  3.138E-02  3.138E-02  0.000E+00
                                         42      4.706  1.857E-02  1.857E-02  0.000E+00
                                         41      4.715  4.195E-03  4.195E-03  0.000E+00
                                         40      4.752  4.739E-02  4.739E-02  0.000E+00
                                         39      4.804  4.419E-03  4.419E-03  0.000E+00
                                         37      4.841  2.882E-02  2.882E-02  0.000E+00
                                         36      4.867  2.370E-03  2.370E-03  0.000E+00
                                         35      4.914  5.252E-02  5.252E-02  0.000E+00
                                         33      4.981  1.153E-02  1.153E-02  0.000E+00
                                         32      5.015  1.857E-02  1.857E-02  0.000E+00
                                         31      5.130  1.857E-02  1.857E-02  0.000E+00
                                         28      5.180  4.515E-02  4.515E-02  0.000E+00
                                         27      5.238  4.995E-03  4.995E-03  0.000E+00
                                         26      5.261  2.690E-02  2.690E-02  0.000E+00
                                         25      5.280  6.628E-02  6.628E-02  0.000E+00
                                         24      5.404  4.707E-02  4.707E-02  0.000E+00
                                         23      5.451  2.530E-02  2.530E-02  0.000E+00
                                         22      5.520  5.860E-03  5.860E-03  0.000E+00
                                         21      5.533  4.195E-02  4.195E-02  0.000E+00
                                         20      5.603  9.030E-02  9.030E-02  0.000E+00
                                         19      5.642  1.012E-01  1.012E-01  0.000E+00
                                         16      5.890  2.145E-03  2.145E-03  0.000E+00
                                         15      5.917  2.690E-02  2.690E-02  0.000E+00
                                         13      6.025  7.109E-03  7.109E-03  0.000E+00
                                         11      6.119  7.429E-03  7.429E-03  0.000E+00
                                         10      6.167  5.316E-02  5.316E-02  0.000E+00
                                          9      6.183  2.594E-02  2.594E-02  0.000E+00
                                          8      6.223  2.081E-02  2.081E-02  0.000E+00
                                          5      6.336  7.845E-03  7.845E-03  0.000E+00
                                          2      6.515  4.131E-02  4.131E-02  0.000E+00
                                          1      6.655  3.330E-03  3.330E-03  0.000E+00
