207Pb  207   82    5    5    4    5    6.737780    7.487646
  1   0.000000   0.5 -1  -1.00E+00  0 0                    1/2-  0                      
  2   0.569703   2.5 -1   0.00E+00  1 0                    5/2-  0                      
                                          1      0.570  1.000E+00  1.000E+00  0.000E+00
  3   0.897900   1.5 -1   0.00E+00  1 0                    3/2-  0                      
                                          1      0.898  1.000E+00  1.000E+00  0.000E+00
  4   1.633400   6.5  1   8.06E-01  1 0                   13/2+  0                      
                                          2      1.064  0.000E+00  0.000E+00  0.000E+00
  5   6.737740   0.5  1   0.00E+00  2 0                    1/2+  0                      
                                          3      5.840  6.756E-03  6.756E-03  0.000E+00
                                          1      6.738  9.932E-01  9.932E-01  0.000E+00
