 236U  236   92   10   11    6    1    6.545518    7.133290
  1   0.000000   0.0  1  -1.00E+00  0 0                      0+  0                      
  2   0.000000  -1.0  0   0.00E+00  2 0                          0                      
                                          1      0.297  5.238E-01  5.238E-01  0.000E+00
                                          1      1.279  4.762E-01  4.762E-01  0.000E+00
  3   0.045242   2.0  1   0.00E+00  1 0                      2+  0                      
                                          1      0.045  0.000E+00  0.000E+00  0.000E+00
  4   0.149475   4.0  1   0.00E+00  1 0                      4+  0                      
                                          3      0.104  0.000E+00  0.000E+00  0.000E+00
  5   0.687600   1.0 -1   0.00E+00  0 0                      1-  0                      
  6   0.744150   3.0 -1   0.00E+00  0 0                      3-  0                      
  7   0.966630   1.0 -1   0.00E+00  0 0                      1-  0                      
  8   0.988380   2.0 -1   0.00E+00  4 0                      2-  0                      
                                          7      0.021  0.000E+00  0.000E+00  0.000E+00
                                          6      0.244  1.901E-01  1.901E-01  0.000E+00
                                          5      0.300  1.322E-01  1.322E-01  0.000E+00
                                          3      0.943  6.777E-01  6.777E-01  0.000E+00
  9   1.058540   4.0  1   0.00E+00  2 0                    (4+)  0                      
                                          4      0.909  5.000E-01  5.000E-01  0.000E+00
                                          3      1.014  5.000E-01  5.000E-01  0.000E+00
 10   6.544730   3.0 -1   0.00E+00  1 1                   3-,4-  0                      
                                          4      6.395  1.000E+00  1.000E+00  0.000E+00
